timestamp	averaging[s]	PM1 [痢/m設	PM2.5 [痢/m設	PM4 [痢/m設	PM10 [痢/m設	PMtot [痢/m設	CO2 [ppm]	VOC [ppb]	VOC [mg/m設	Cn [1/cm設	M1,0 [痠]	M2,0 [痠淫	M3,0 [痠設	x10(dCn) [痠]	x16(dCn) [痠]	x50(dCn) [痠]	x84(dCn) [痠]	x90(dCn) [痠]	Cn [1/m設	PIA [1/m設	T [蚓]	p [hPa]	rH [%]	AQI - Palas	Infection Risk Index	volume flow [l/min]	power (volume flow blower) [%]	dN(痠) [P]	0.184462	0.198224	0.213013	0.228905	0.245984	0.264336	0.284057	0.30525	0.328024	0.352497	0.378797	0.407058	0.437427	0.470063	0.505133	0.54282	0.583319	0.626839	0.673606	0.723862	0.777868	0.835903	0.898268	0.965286	1.037304	1.114695	1.19786	1.28723	1.383267	1.48647	1.597372	1.716548	1.844616	1.982239	2.13013	2.289054	2.459835	2.643358	2.840573	3.052502	3.280243	3.524975	3.787966	4.070578	4.374274	4.700629	5.051333	5.428202	5.833189	6.26839	6.736061	7.238624	7.778682	8.359033	8.982682	9.652861	10.373039	11.146949	11.978599	12.872296	13.83267	14.864696	15.973718	17.165483
24.04.2023 16:05:00	61.00	0.00	0.00	0.00	0.00	0.00	446.76	0.00	0.00	0.00	NaN	NaN	NaN	NaN	NaN	NaN	NaN	NaN	0.00	0.00	16.92	892.31	39.78	0.00	0.00	0.00	11.25	->	0.00	0.00	0.00	0.00	0.00	0.00	0.00	0.00	0.00	0.00	0.00	0.00	0.00	0.00	0.00	0.00	0.00	0.00	0.00	0.00	0.00	0.00	0.00	0.00	0.00	0.00	0.00	0.00	0.00	0.00	0.00	0.00	0.00	0.00	0.00	0.00	0.00	0.00	0.00	0.00	0.00	0.00	0.00	0.00	0.00	0.00	0.00	0.00	0.00	0.00	0.00	0.00	0.00	0.00	0.00	0.00	0.00	0.00	0.00	0.00	0.00	0.00	0.00	0.00
24.04.2023 16:06:00	121.00	0.05	0.05	0.05	0.05	0.05	481.89	0.00	0.00	1.61	0.24	0.06	0.02	0.19	0.20	0.23	0.27	0.28	1607221.16	0.00	18.10	941.37	40.11	0.52	0.01	0.00	15.83	->	0.11	0.23	0.21	0.31	0.28	0.28	0.09	0.03	0.02	0.01	0.01	0.00	0.00	0.00	0.00	0.01	0.00	0.00	0.00	0.00	0.00	0.00	0.00	0.00	0.00	0.00	0.00	0.00	0.00	0.00	0.00	0.00	0.00	0.00	0.00	0.00	0.00	0.00	0.00	0.00	0.00	0.00	0.00	0.00	0.00	0.00	0.00	0.00	0.00	0.00	0.00	0.00	0.00	0.00	0.00	0.00	0.00	0.00	0.00	0.00	0.00	0.00	0.00	0.00
24.04.2023 16:07:00	181.00	0.08	0.14	0.29	0.54	0.67	502.32	0.00	0.00	2.38	0.26	0.17	0.54	0.20	0.20	0.24	0.27	0.28	2379822.13	0.00	18.59	957.72	40.22	1.83	0.03	0.00	18.12	->	0.13	0.36	0.31	0.44	0.43	0.42	0.12	0.07	0.03	0.01	0.01	0.00	0.00	0.01	0.01	0.01	0.00	0.00	0.00	0.01	0.00	0.00	0.00	0.00	0.00	0.00	0.00	0.00	0.00	0.00	0.00	0.00	0.00	0.00	0.00	0.00	0.00	0.00	0.00	0.00	0.00	0.00	0.00	0.00	0.00	0.01	0.00	0.00	0.00	0.00	0.00	0.00	0.00	0.00	0.00	0.00	0.00	0.00	0.00	0.00	0.00	0.00	0.00	0.00
24.04.2023 16:08:00	241.00	0.08	0.13	0.25	0.45	0.56	531.74	0.00	0.00	2.62	0.26	0.13	0.36	0.20	0.20	0.24	0.27	0.28	2617474.45	0.00	18.90	965.89	40.60	3.58	0.05	0.00	19.50	->	0.16	0.35	0.36	0.50	0.44	0.48	0.16	0.08	0.02	0.01	0.01	0.00	0.00	0.01	0.00	0.01	0.00	0.00	0.00	0.01	0.00	0.00	0.00	0.00	0.00	0.00	0.00	0.00	0.00	0.00	0.00	0.00	0.00	0.00	0.00	0.00	0.00	0.00	0.00	0.00	0.00	0.00	0.00	0.00	0.00	0.01	0.00	0.00	0.00	0.00	0.00	0.00	0.00	0.00	0.00	0.00	0.00	0.00	0.00	0.00	0.00	0.00	0.00	0.00
24.04.2023 16:09:00	301.00	0.09	0.13	0.23	0.39	0.48	549.07	0.00	0.00	2.77	0.25	0.11	0.28	0.19	0.20	0.23	0.27	0.28	2772390.50	0.00	19.13	970.79	41.02	5.42	0.08	0.71	20.42	->	0.18	0.43	0.40	0.49	0.46	0.49	0.14	0.07	0.03	0.01	0.01	0.00	0.01	0.01	0.00	0.01	0.00	0.00	0.00	0.01	0.00	0.00	0.00	0.00	0.00	0.00	0.00	0.00	0.00	0.00	0.00	0.00	0.00	0.00	0.00	0.00	0.00	0.00	0.00	0.00	0.00	0.00	0.00	0.00	0.00	0.01	0.00	0.00	0.00	0.00	0.00	0.00	0.00	0.00	0.00	0.00	0.00	0.00	0.00	0.00	0.00	0.00	0.00	0.00
24.04.2023 16:10:00	361.00	0.09	0.12	0.21	0.35	0.43	557.18	0.00	0.00	2.80	0.25	0.10	0.22	0.20	0.20	0.23	0.27	0.28	2800855.24	0.00	19.31	974.05	41.45	7.04	0.09	0.95	21.07	->	0.18	0.41	0.42	0.50	0.46	0.49	0.16	0.07	0.03	0.02	0.01	0.00	0.01	0.01	0.00	0.01	0.00	0.00	0.00	0.01	0.00	0.00	0.00	0.00	0.00	0.00	0.00	0.00	0.00	0.00	0.00	0.00	0.00	0.00	0.00	0.00	0.00	0.00	0.00	0.00	0.00	0.00	0.00	0.00	0.00	0.01	0.00	0.00	0.00	0.00	0.00	0.00	0.00	0.00	0.00	0.00	0.00	0.00	0.00	0.00	0.00	0.00	0.00	0.00
24.04.2023 16:11:00	421.00	0.09	0.14	0.26	0.38	0.45	559.27	0.16	0.00	2.82	0.25	0.11	0.23	0.20	0.20	0.23	0.27	0.28	2822203.79	0.00	19.47	976.40	41.92	8.39	0.09	1.07	21.56	->	0.18	0.42	0.44	0.48	0.47	0.50	0.15	0.07	0.03	0.02	0.01	0.00	0.01	0.01	0.00	0.01	0.00	0.00	0.00	0.01	0.00	0.00	0.00	0.00	0.00	0.00	0.00	0.00	0.00	0.00	0.00	0.00	0.00	0.00	0.00	0.00	0.00	0.00	0.00	0.00	0.00	0.00	0.00	0.00	0.00	0.01	0.00	0.00	0.00	0.00	0.00	0.00	0.00	0.00	0.00	0.00	0.00	0.00	0.00	0.00	0.00	0.00	0.00	0.00
24.04.2023 16:12:00	481.00	0.09	0.13	0.24	0.35	0.41	556.14	0.52	0.00	2.85	0.25	0.10	0.20	0.20	0.20	0.23	0.27	0.28	2852003.80	0.00	19.60	978.15	42.41	9.44	0.09	1.14	21.94	->	0.19	0.45	0.45	0.51	0.46	0.48	0.15	0.07	0.02	0.02	0.01	0.00	0.00	0.01	0.00	0.01	0.00	0.00	0.00	0.00	0.00	0.00	0.00	0.00	0.00	0.00	0.00	0.00	0.00	0.00	0.00	0.00	0.00	0.00	0.00	0.00	0.00	0.00	0.00	0.00	0.00	0.00	0.00	0.00	0.00	0.00	0.00	0.00	0.00	0.00	0.00	0.00	0.00	0.00	0.00	0.00	0.00	0.00	0.00	0.00	0.00	0.00	0.00	0.00
24.04.2023 16:13:00	541.00	0.09	0.14	0.26	0.47	0.59	549.06	0.69	0.00	2.89	0.25	0.13	0.33	0.19	0.20	0.23	0.27	0.28	2892206.32	0.00	19.73	979.51	42.89	10.17	0.08	1.18	22.25	->	0.20	0.48	0.48	0.50	0.45	0.45	0.16	0.07	0.02	0.02	0.01	0.00	0.00	0.01	0.00	0.01	0.00	0.00	0.00	0.00	0.00	0.00	0.00	0.00	0.00	0.00	0.00	0.00	0.00	0.00	0.00	0.00	0.00	0.00	0.00	0.00	0.00	0.00	0.00	0.00	0.00	0.00	0.00	0.00	0.00	0.00	0.00	0.00	0.00	0.00	0.00	0.00	0.00	0.00	0.00	0.00	0.00	0.00	0.00	0.00	0.00	0.00	0.00	0.00
24.04.2023 16:14:00	600.00	0.09	0.16	0.29	0.56	0.71	538.45	0.83	0.00	3.19	0.25	0.13	0.39	0.19	0.20	0.23	0.27	0.28	3188051.13	0.00	19.84	980.60	43.34	11.71	0.09	1.42	24.75	->	0.21	0.57	0.53	0.54	0.50	0.46	0.17	0.09	0.02	0.02	0.01	0.00	0.00	0.01	0.00	0.01	0.00	0.00	0.00	0.00	0.00	0.00	0.00	0.00	0.00	0.00	0.00	0.00	0.00	0.00	0.00	0.00	0.00	0.00	0.00	0.00	0.00	0.00	0.00	0.00	0.00	0.00	0.00	0.00	0.00	0.00	0.00	0.00	0.00	0.00	0.00	0.00	0.00	0.00	0.00	0.00	0.00	0.00	0.00	0.00	0.00	0.00	0.00	0.00
24.04.2023 16:15:00	600.00	0.10	0.16	0.30	0.57	0.71	535.46	1.24	0.01	3.46	0.25	0.13	0.36	0.19	0.20	0.23	0.26	0.28	3461463.45	0.00	20.25	990.42	44.15	13.06	0.11	1.42	25.00	->	0.24	0.65	0.60	0.58	0.53	0.48	0.19	0.09	0.02	0.02	0.01	0.00	0.00	0.01	0.00	0.01	0.00	0.00	0.00	0.00	0.00	0.00	0.00	0.00	0.00	0.00	0.00	0.00	0.00	0.00	0.00	0.00	0.00	0.00	0.00	0.00	0.00	0.00	0.00	0.00	0.00	0.00	0.00	0.00	0.00	0.00	0.00	0.00	0.00	0.00	0.00	0.00	0.00	0.00	0.00	0.00	0.00	0.00	0.00	0.00	0.00	0.00	0.00	0.00
24.04.2023 16:16:00	600.00	0.09	0.16	0.30	0.57	0.71	522.85	1.53	0.01	3.23	0.25	0.13	0.36	0.19	0.20	0.23	0.27	0.28	3229485.22	0.00	20.45	990.43	44.92	14.07	0.12	1.41	25.00	->	0.25	0.63	0.58	0.51	0.47	0.42	0.18	0.09	0.02	0.02	0.01	0.00	0.01	0.01	0.00	0.00	0.00	0.00	0.00	0.00	0.00	0.00	0.00	0.00	0.00	0.00	0.00	0.00	0.00	0.00	0.00	0.00	0.00	0.00	0.00	0.00	0.00	0.00	0.00	0.00	0.00	0.00	0.00	0.00	0.00	0.00	0.00	0.00	0.00	0.00	0.00	0.00	0.00	0.00	0.00	0.00	0.00	0.00	0.00	0.00	0.00	0.00	0.00	0.00
24.04.2023 16:17:00	600.00	0.08	0.13	0.21	0.37	0.46	505.61	2.04	0.01	3.03	0.24	0.10	0.25	0.19	0.20	0.22	0.26	0.28	3031815.48	0.00	20.62	990.46	45.76	14.48	0.14	1.41	25.00	->	0.24	0.61	0.57	0.50	0.42	0.36	0.16	0.07	0.02	0.02	0.01	0.01	0.01	0.00	0.00	0.00	0.00	0.00	0.00	0.00	0.00	0.00	0.00	0.00	0.00	0.00	0.00	0.00	0.00	0.00	0.00	0.00	0.00	0.00	0.00	0.00	0.00	0.00	0.00	0.00	0.00	0.00	0.00	0.00	0.00	0.00	0.00	0.00	0.00	0.00	0.00	0.00	0.00	0.00	0.00	0.00	0.00	0.00	0.00	0.00	0.00	0.00	0.00	0.00
24.04.2023 16:18:00	600.00	0.08	0.12	0.20	0.37	0.46	478.40	2.55	0.01	2.90	0.24	0.10	0.25	0.19	0.20	0.22	0.26	0.28	2898276.25	0.00	20.78	990.50	46.51	14.22	0.16	1.41	25.00	->	0.23	0.67	0.56	0.45	0.39	0.30	0.14	0.07	0.02	0.02	0.01	0.01	0.01	0.00	0.00	0.00	0.00	0.00	0.00	0.00	0.00	0.00	0.00	0.00	0.00	0.00	0.00	0.00	0.00	0.00	0.00	0.00	0.00	0.00	0.00	0.00	0.00	0.00	0.00	0.00	0.00	0.00	0.00	0.00	0.00	0.00	0.00	0.00	0.00	0.00	0.00	0.00	0.00	0.00	0.00	0.00	0.00	0.00	0.00	0.00	0.00	0.00	0.00	0.00
24.04.2023 16:19:00	600.00	0.07	0.12	0.20	0.36	0.46	448.81	3.18	0.01	2.75	0.24	0.10	0.25	0.19	0.20	0.22	0.26	0.28	2754972.30	0.00	20.94	990.54	47.18	13.37	0.17	1.41	25.00	->	0.21	0.65	0.53	0.43	0.37	0.26	0.14	0.06	0.02	0.02	0.00	0.01	0.00	0.00	0.00	0.00	0.00	0.00	0.00	0.00	0.00	0.00	0.00	0.00	0.00	0.00	0.00	0.00	0.00	0.00	0.00	0.00	0.00	0.00	0.00	0.00	0.00	0.00	0.00	0.00	0.00	0.00	0.00	0.00	0.00	0.00	0.00	0.00	0.00	0.00	0.00	0.00	0.00	0.00	0.00	0.00	0.00	0.00	0.00	0.00	0.00	0.00	0.00	0.00
24.04.2023 16:20:00	600.00	0.07	0.11	0.19	0.36	0.45	418.97	3.71	0.02	2.57	0.24	0.10	0.25	0.19	0.20	0.22	0.26	0.28	2571025.97	0.00	21.09	990.58	47.78	12.12	0.19	1.40	25.00	->	0.21	0.67	0.49	0.40	0.33	0.22	0.12	0.06	0.01	0.01	0.00	0.01	0.00	0.00	0.00	0.00	0.00	0.00	0.00	0.00	0.00	0.00	0.00	0.00	0.00	0.00	0.00	0.00	0.00	0.00	0.00	0.00	0.00	0.00	0.00	0.00	0.00	0.00	0.00	0.00	0.00	0.00	0.00	0.00	0.00	0.00	0.00	0.00	0.00	0.00	0.00	0.00	0.00	0.00	0.00	0.00	0.00	0.00	0.00	0.00	0.00	0.00	0.00	0.00
24.04.2023 16:21:00	600.00	0.06	0.09	0.13	0.30	0.39	389.10	3.99	0.02	2.42	0.23	0.09	0.23	0.19	0.20	0.22	0.26	0.28	2416901.64	0.00	21.24	990.62	48.27	10.57	0.21	1.40	25.00	->	0.19	0.67	0.46	0.38	0.31	0.17	0.12	0.05	0.01	0.01	0.00	0.01	0.00	0.00	0.00	0.00	0.00	0.00	0.00	0.00	0.00	0.00	0.00	0.00	0.00	0.00	0.00	0.00	0.00	0.00	0.00	0.00	0.00	0.00	0.00	0.00	0.00	0.00	0.00	0.00	0.00	0.00	0.00	0.00	0.00	0.00	0.00	0.00	0.00	0.00	0.00	0.00	0.00	0.00	0.00	0.00	0.00	0.00	0.00	0.00	0.00	0.00	0.00	0.00
24.04.2023 16:22:00	600.00	0.06	0.08	0.13	0.30	0.38	360.71	3.98	0.02	2.24	0.23	0.09	0.23	0.19	0.20	0.22	0.25	0.27	2240344.83	0.00	21.38	990.67	48.65	8.89	0.25	1.40	25.00	->	0.18	0.65	0.45	0.32	0.29	0.14	0.10	0.05	0.01	0.01	0.00	0.01	0.00	0.00	0.00	0.00	0.00	0.00	0.00	0.00	0.00	0.00	0.00	0.00	0.00	0.00	0.00	0.00	0.00	0.00	0.00	0.00	0.00	0.00	0.00	0.00	0.00	0.00	0.00	0.00	0.00	0.00	0.00	0.00	0.00	0.00	0.00	0.00	0.00	0.00	0.00	0.00	0.00	0.00	0.00	0.00	0.00	0.00	0.00	0.00	0.00	0.00	0.00	0.00
24.04.2023 16:23:00	600.00	0.05	0.06	0.08	0.14	0.17	334.11	4.11	0.02	2.02	0.23	0.07	0.10	0.19	0.20	0.22	0.25	0.27	2023145.65	0.00	21.52	990.72	48.94	7.31	0.29	1.40	25.00	->	0.17	0.61	0.39	0.28	0.26	0.14	0.08	0.04	0.01	0.01	0.00	0.00	0.00	0.00	0.00	0.00	0.00	0.00	0.00	0.00	0.00	0.00	0.00	0.00	0.00	0.00	0.00	0.00	0.00	0.00	0.00	0.00	0.00	0.00	0.00	0.00	0.00	0.00	0.00	0.00	0.00	0.00	0.00	0.00	0.00	0.00	0.00	0.00	0.00	0.00	0.00	0.00	0.00	0.00	0.00	0.00	0.00	0.00	0.00	0.00	0.00	0.00	0.00	0.00
24.04.2023 16:24:00	600.00	0.05	0.05	0.05	0.05	0.05	310.46	4.29	0.02	1.84	0.23	0.05	0.01	0.19	0.19	0.21	0.25	0.27	1844741.47	0.00	21.65	990.76	49.15	5.87	0.34	1.40	25.00	->	0.18	0.54	0.36	0.26	0.22	0.13	0.09	0.03	0.01	0.00	0.00	0.00	0.00	0.00	0.00	0.00	0.00	0.00	0.00	0.00	0.00	0.00	0.00	0.00	0.00	0.00	0.00	0.00	0.00	0.00	0.00	0.00	0.00	0.00	0.00	0.00	0.00	0.00	0.00	0.00	0.00	0.00	0.00	0.00	0.00	0.00	0.00	0.00	0.00	0.00	0.00	0.00	0.00	0.00	0.00	0.00	0.00	0.00	0.00	0.00	0.00	0.00	0.00	0.00
24.04.2023 16:25:00	600.00	0.04	0.05	0.05	0.05	0.05	287.59	4.09	0.02	1.75	0.22	0.05	0.01	0.19	0.19	0.21	0.25	0.27	1747358.12	0.00	21.77	990.80	49.29	4.62	0.39	1.39	25.00	->	0.17	0.52	0.35	0.24	0.21	0.13	0.06	0.02	0.01	0.00	0.00	0.00	0.00	0.00	0.00	0.00	0.00	0.00	0.00	0.00	0.00	0.00	0.00	0.00	0.00	0.00	0.00	0.00	0.00	0.00	0.00	0.00	0.00	0.00	0.00	0.00	0.00	0.00	0.00	0.00	0.00	0.00	0.00	0.00	0.00	0.00	0.00	0.00	0.00	0.00	0.00	0.00	0.00	0.00	0.00	0.00	0.00	0.00	0.00	0.00	0.00	0.00	0.00	0.00
24.04.2023 16:26:00	600.00	0.04	0.04	0.04	0.04	0.04	265.59	3.98	0.02	1.68	0.22	0.05	0.01	0.19	0.19	0.21	0.25	0.27	1683227.63	0.00	21.90	990.82	49.39	3.56	0.46	1.39	25.00	->	0.16	0.53	0.34	0.25	0.19	0.11	0.05	0.02	0.01	0.00	0.00	0.01	0.00	0.00	0.00	0.00	0.00	0.00	0.00	0.00	0.00	0.00	0.00	0.00	0.00	0.00	0.00	0.00	0.00	0.00	0.00	0.00	0.00	0.00	0.00	0.00	0.00	0.00	0.00	0.00	0.00	0.00	0.00	0.00	0.00	0.00	0.00	0.00	0.00	0.00	0.00	0.00	0.00	0.00	0.00	0.00	0.00	0.00	0.00	0.00	0.00	0.00	0.00	0.00
24.04.2023 16:27:00	600.00	0.03	0.04	0.04	0.04	0.04	244.04	3.69	0.02	1.60	0.22	0.05	0.01	0.19	0.19	0.21	0.25	0.26	1595872.91	0.00	22.02	990.82	49.40	2.67	0.52	1.39	25.00	->	0.17	0.54	0.33	0.20	0.17	0.10	0.05	0.02	0.01	0.00	0.00	0.00	0.00	0.00	0.00	0.00	0.00	0.00	0.00	0.00	0.00	0.00	0.00	0.00	0.00	0.00	0.00	0.00	0.00	0.00	0.00	0.00	0.00	0.00	0.00	0.00	0.00	0.00	0.00	0.00	0.00	0.00	0.00	0.00	0.00	0.00	0.00	0.00	0.00	0.00	0.00	0.00	0.00	0.00	0.00	0.00	0.00	0.00	0.00	0.00	0.00	0.00	0.00	0.00
24.04.2023 16:28:00	600.00	0.03	0.04	0.05	0.05	0.05	223.20	3.37	0.02	1.62	0.22	0.05	0.02	0.19	0.19	0.21	0.25	0.26	1621736.24	0.00	22.14	990.82	49.34	1.97	0.58	1.39	25.00	->	0.21	0.54	0.35	0.18	0.17	0.09	0.04	0.01	0.01	0.00	0.00	0.00	0.00	0.00	0.00	0.00	0.00	0.00	0.00	0.00	0.00	0.00	0.00	0.00	0.00	0.00	0.00	0.00	0.00	0.00	0.00	0.00	0.00	0.00	0.00	0.00	0.00	0.00	0.00	0.00	0.00	0.00	0.00	0.00	0.00	0.00	0.00	0.00	0.00	0.00	0.00	0.00	0.00	0.00	0.00	0.00	0.00	0.00	0.00	0.00	0.00	0.00	0.00	0.00
24.04.2023 16:29:00	600.00	0.03	0.04	0.04	0.04	0.04	203.58	2.91	0.01	1.55	0.22	0.05	0.02	0.19	0.19	0.21	0.24	0.26	1546257.55	0.00	22.26	990.82	49.23	1.46	0.64	1.39	25.00	->	0.22	0.53	0.34	0.17	0.15	0.07	0.04	0.01	0.01	0.00	0.00	0.00	0.00	0.00	0.00	0.00	0.00	0.00	0.00	0.00	0.00	0.00	0.00	0.00	0.00	0.00	0.00	0.00	0.00	0.00	0.00	0.00	0.00	0.00	0.00	0.00	0.00	0.00	0.00	0.00	0.00	0.00	0.00	0.00	0.00	0.00	0.00	0.00	0.00	0.00	0.00	0.00	0.00	0.00	0.00	0.00	0.00	0.00	0.00	0.00	0.00	0.00	0.00	0.00
24.04.2023 16:30:00	600.00	0.03	0.04	0.04	0.04	0.04	185.27	2.54	0.01	1.57	0.22	0.05	0.02	0.19	0.19	0.21	0.24	0.26	1573704.34	0.00	22.37	990.83	49.08	1.14	0.68	1.39	25.00	->	0.22	0.55	0.37	0.16	0.13	0.07	0.04	0.01	0.01	0.00	0.00	0.00	0.00	0.00	0.00	0.00	0.00	0.00	0.00	0.00	0.00	0.00	0.00	0.00	0.00	0.00	0.00	0.00	0.00	0.00	0.00	0.00	0.00	0.00	0.00	0.00	0.00	0.00	0.00	0.00	0.00	0.00	0.00	0.00	0.00	0.00	0.00	0.00	0.00	0.00	0.00	0.00	0.00	0.00	0.00	0.00	0.00	0.00	0.00	0.00	0.00	0.00	0.00	0.00
24.04.2023 16:31:00	600.00	0.03	0.06	0.12	0.19	0.22	168.60	2.41	0.01	1.59	0.23	0.10	0.24	0.19	0.19	0.21	0.24	0.34	1588219.48	0.00	22.48	990.82	48.89	1.00	0.73	1.39	25.00	->	0.24	0.54	0.38	0.18	0.12	0.07	0.03	0.01	0.01	0.00	0.00	0.00	0.00	0.00	0.00	0.00	0.00	0.00	0.00	0.00	0.00	0.00	0.00	0.00	0.00	0.00	0.00	0.00	0.00	0.00	0.00	0.00	0.00	0.00	0.00	0.00	0.00	0.00	0.00	0.00	0.00	0.00	0.00	0.00	0.00	0.00	0.00	0.00	0.00	0.00	0.00	0.00	0.00	0.00	0.00	0.00	0.00	0.00	0.00	0.00	0.00	0.00	0.00	0.00
24.04.2023 16:32:00	600.00	0.03	0.06	0.12	0.19	0.22	153.20	2.34	0.01	1.58	0.23	0.10	0.24	0.19	0.19	0.21	0.24	0.33	1581357.77	0.00	22.59	990.82	48.68	1.00	0.77	1.39	25.00	->	0.26	0.54	0.38	0.17	0.10	0.07	0.03	0.01	0.01	0.00	0.00	0.00	0.00	0.00	0.00	0.00	0.00	0.00	0.00	0.00	0.00	0.00	0.00	0.00	0.00	0.00	0.00	0.00	0.00	0.00	0.00	0.00	0.00	0.00	0.00	0.00	0.00	0.00	0.00	0.00	0.00	0.00	0.00	0.00	0.00	0.00	0.00	0.00	0.00	0.00	0.00	0.00	0.00	0.00	0.00	0.00	0.00	0.00	0.00	0.00	0.00	0.00	0.00	0.00
24.04.2023 16:33:00	600.00	0.03	0.06	0.12	0.19	0.22	139.18	2.26	0.01	1.60	0.23	0.10	0.24	0.19	0.19	0.21	0.24	0.33	1600887.23	0.00	22.69	990.81	48.44	1.00	0.80	1.40	25.00	->	0.26	0.55	0.40	0.18	0.10	0.06	0.02	0.00	0.01	0.00	0.00	0.00	0.00	0.00	0.00	0.00	0.00	0.00	0.00	0.00	0.00	0.00	0.00	0.00	0.00	0.00	0.00	0.00	0.00	0.00	0.00	0.00	0.00	0.00	0.00	0.00	0.00	0.00	0.00	0.00	0.00	0.00	0.00	0.00	0.00	0.00	0.00	0.00	0.00	0.00	0.00	0.00	0.00	0.00	0.00	0.00	0.00	0.00	0.00	0.00	0.00	0.00	0.00	0.00
24.04.2023 16:34:00	600.00	0.03	0.06	0.13	0.19	0.23	126.53	2.20	0.01	1.65	0.23	0.10	0.24	0.19	0.19	0.21	0.23	0.33	1651030.41	0.00	22.79	990.82	48.18	1.00	0.85	1.40	25.00	->	0.25	0.58	0.42	0.20	0.11	0.06	0.02	0.00	0.01	0.00	0.00	0.00	0.00	0.00	0.00	0.00	0.00	0.00	0.00	0.00	0.00	0.00	0.00	0.00	0.00	0.00	0.00	0.00	0.00	0.00	0.00	0.00	0.00	0.00	0.00	0.00	0.00	0.00	0.00	0.00	0.00	0.00	0.00	0.00	0.00	0.00	0.00	0.00	0.00	0.00	0.00	0.00	0.00	0.00	0.00	0.00	0.00	0.00	0.00	0.00	0.00	0.00	0.00	0.00
24.04.2023 16:35:00	600.00	0.02	0.08	0.19	0.25	0.30	115.06	2.27	0.01	1.61	0.24	0.13	0.32	0.19	0.19	0.21	0.25	0.39	1609332.40	0.00	22.89	990.83	47.91	1.00	0.88	1.40	25.00	->	0.26	0.58	0.40	0.18	0.10	0.05	0.02	0.00	0.01	0.00	0.00	0.00	0.00	0.00	0.00	0.00	0.00	0.00	0.00	0.00	0.00	0.00	0.00	0.00	0.00	0.00	0.00	0.00	0.00	0.00	0.00	0.00	0.00	0.00	0.00	0.00	0.00	0.00	0.00	0.00	0.00	0.00	0.00	0.00	0.00	0.00	0.00	0.00	0.00	0.00	0.00	0.00	0.00	0.00	0.00	0.00	0.00	0.00	0.00	0.00	0.00	0.00	0.00	0.00
24.04.2023 16:36:00	600.00	0.02	0.07	0.19	0.25	0.30	104.63	2.26	0.01	1.53	0.23	0.13	0.32	0.19	0.19	0.21	0.25	0.39	1530950.68	0.00	22.98	990.84	47.61	1.00	0.90	1.40	25.00	->	0.26	0.55	0.37	0.19	0.08	0.04	0.02	0.00	0.00	0.00	0.00	0.00	0.00	0.00	0.00	0.00	0.00	0.00	0.00	0.00	0.00	0.00	0.00	0.00	0.00	0.00	0.00	0.00	0.00	0.00	0.00	0.00	0.00	0.00	0.00	0.00	0.00	0.00	0.00	0.00	0.00	0.00	0.00	0.00	0.00	0.00	0.00	0.00	0.00	0.00	0.00	0.00	0.00	0.00	0.00	0.00	0.00	0.00	0.00	0.00	0.00	0.00	0.00	0.00
24.04.2023 16:37:00	600.00	0.02	0.07	0.18	0.24	0.29	95.14	2.29	0.01	1.42	0.23	0.13	0.32	0.19	0.19	0.20	0.25	0.38	1415093.52	0.00	23.07	990.85	47.32	1.00	0.89	1.40	25.00	->	0.25	0.51	0.34	0.18	0.07	0.04	0.02	0.00	0.00	0.00	0.00	0.00	0.00	0.00	0.00	0.00	0.00	0.00	0.00	0.00	0.00	0.00	0.00	0.00	0.00	0.00	0.00	0.00	0.00	0.00	0.00	0.00	0.00	0.00	0.00	0.00	0.00	0.00	0.00	0.00	0.00	0.00	0.00	0.00	0.00	0.00	0.00	0.00	0.00	0.00	0.00	0.00	0.00	0.00	0.00	0.00	0.00	0.00	0.00	0.00	0.00	0.00	0.00	0.00
24.04.2023 16:38:00	600.00	0.02	0.06	0.17	0.23	0.28	86.76	2.42	0.01	1.25	0.23	0.13	0.32	0.19	0.19	0.21	0.25	0.38	1251732.30	0.00	23.16	990.85	47.02	1.00	0.88	1.40	25.00	->	0.20	0.43	0.31	0.18	0.06	0.04	0.02	0.00	0.00	0.00	0.00	0.00	0.00	0.00	0.00	0.00	0.00	0.00	0.00	0.00	0.00	0.00	0.00	0.00	0.00	0.00	0.00	0.00	0.00	0.00	0.00	0.00	0.00	0.00	0.00	0.00	0.00	0.00	0.00	0.00	0.00	0.00	0.00	0.00	0.00	0.00	0.00	0.00	0.00	0.00	0.00	0.00	0.00	0.00	0.00	0.00	0.00	0.00	0.00	0.00	0.00	0.00	0.00	0.00
24.04.2023 16:39:00	600.00	0.02	0.06	0.17	0.23	0.28	79.07	2.68	0.01	1.22	0.23	0.13	0.32	0.19	0.19	0.21	0.25	0.38	1218479.45	0.00	23.25	990.84	46.72	1.00	0.88	1.40	25.00	->	0.21	0.40	0.31	0.17	0.06	0.04	0.02	0.00	0.00	0.00	0.00	0.00	0.00	0.00	0.00	0.00	0.00	0.00	0.00	0.00	0.00	0.00	0.00	0.00	0.00	0.00	0.00	0.00	0.00	0.00	0.00	0.00	0.00	0.00	0.00	0.00	0.00	0.00	0.00	0.00	0.00	0.00	0.00	0.00	0.00	0.00	0.00	0.00	0.00	0.00	0.00	0.00	0.00	0.00	0.00	0.00	0.00	0.00	0.00	0.00	0.00	0.00	0.00	0.00
24.04.2023 16:40:00	600.00	0.02	0.06	0.17	0.23	0.28	71.96	3.21	0.01	1.18	0.23	0.13	0.32	0.19	0.19	0.21	0.24	0.38	1183379.21	0.00	23.33	990.83	46.43	1.00	0.91	1.40	25.00	->	0.21	0.40	0.30	0.16	0.06	0.03	0.01	0.00	0.00	0.00	0.00	0.00	0.00	0.00	0.00	0.00	0.00	0.00	0.00	0.00	0.00	0.00	0.00	0.00	0.00	0.00	0.00	0.00	0.00	0.00	0.00	0.00	0.00	0.00	0.00	0.00	0.00	0.00	0.00	0.00	0.00	0.00	0.00	0.00	0.00	0.00	0.00	0.00	0.00	0.00	0.00	0.00	0.00	0.00	0.00	0.00	0.00	0.00	0.00	0.00	0.00	0.00	0.00	0.00
24.04.2023 16:41:00	600.00	0.01	0.03	0.08	0.08	0.09	65.71	3.51	0.02	1.09	0.22	0.07	0.10	0.19	0.19	0.21	0.24	0.30	1090218.45	0.00	23.42	990.85	46.12	1.00	0.94	1.40	25.00	->	0.20	0.39	0.27	0.14	0.06	0.02	0.01	0.00	0.00	0.00	0.00	0.00	0.00	0.00	0.00	0.00	0.00	0.00	0.00	0.00	0.00	0.00	0.00	0.00	0.00	0.00	0.00	0.00	0.00	0.00	0.00	0.00	0.00	0.00	0.00	0.00	0.00	0.00	0.00	0.00	0.00	0.00	0.00	0.00	0.00	0.00	0.00	0.00	0.00	0.00	0.00	0.00	0.00	0.00	0.00	0.00	0.00	0.00	0.00	0.00	0.00	0.00	0.00	0.00
24.04.2023 16:42:00	600.00	0.02	0.04	0.08	0.09	0.09	60.11	3.56	0.02	1.05	0.22	0.08	0.10	0.19	0.19	0.21	0.25	0.31	1050631.72	0.00	23.51	990.86	45.79	1.00	0.94	1.40	25.00	->	0.18	0.38	0.25	0.16	0.06	0.01	0.01	0.00	0.00	0.00	0.00	0.00	0.00	0.00	0.00	0.00	0.00	0.00	0.00	0.00	0.00	0.00	0.00	0.00	0.00	0.00	0.00	0.00	0.00	0.00	0.00	0.00	0.00	0.00	0.00	0.00	0.00	0.00	0.00	0.00	0.00	0.00	0.00	0.00	0.00	0.00	0.00	0.00	0.00	0.00	0.00	0.00	0.00	0.00	0.00	0.00	0.00	0.00	0.00	0.00	0.00	0.00	0.00	0.00
24.04.2023 16:43:00	600.00	0.02	0.04	0.08	0.09	0.09	55.06	3.41	0.02	1.06	0.22	0.08	0.10	0.19	0.19	0.21	0.26	0.31	1055382.13	0.00	23.60	990.90	45.44	1.00	0.98	1.40	25.00	->	0.19	0.37	0.24	0.17	0.06	0.01	0.01	0.00	0.00	0.00	0.00	0.00	0.00	0.00	0.00	0.00	0.00	0.00	0.00	0.00	0.00	0.00	0.00	0.00	0.00	0.00	0.00	0.00	0.00	0.00	0.00	0.00	0.00	0.00	0.00	0.00	0.00	0.00	0.00	0.00	0.00	0.00	0.00	0.00	0.00	0.00	0.00	0.00	0.00	0.00	0.00	0.00	0.00	0.00	0.00	0.00	0.00	0.00	0.00	0.00	0.00	0.00	0.00	0.00
24.04.2023 16:44:00	600.00	0.03	0.05	0.10	0.10	0.11	50.16	3.21	0.01	1.52	0.22	0.08	0.09	0.19	0.19	0.21	0.26	0.31	1522769.41	0.00	23.68	990.93	45.07	1.00	1.00	1.40	25.00	->	0.20	0.39	0.31	0.24	0.14	0.12	0.08	0.02	0.01	0.01	0.00	0.00	0.00	0.00	0.01	0.00	0.00	0.00	0.00	0.00	0.00	0.00	0.00	0.00	0.00	0.00	0.00	0.00	0.00	0.00	0.00	0.00	0.00	0.00	0.00	0.00	0.00	0.00	0.00	0.00	0.00	0.00	0.00	0.00	0.00	0.00	0.00	0.00	0.00	0.00	0.00	0.00	0.00	0.00	0.00	0.00	0.00	0.00	0.00	0.00	0.00	0.00	0.00	0.00
24.04.2023 16:45:00	600.00	1.00	1.00	1.05	1.05	1.05	45.64	3.05	0.01	29.19	0.22	0.05	0.01	0.19	0.19	0.21	0.24	0.25	29194420.00	0.00	23.77	990.96	44.66	1.00	1.02	1.40	25.00	->	1.34	3.85	4.61	3.98	4.36	4.76	3.46	1.36	0.55	0.31	0.14	0.13	0.14	0.08	0.06	0.01	0.01	0.01	0.01	0.01	0.00	0.00	0.00	0.01	0.00	0.00	0.00	0.00	0.00	0.00	0.00	0.00	0.00	0.00	0.00	0.00	0.00	0.00	0.00	0.00	0.00	0.00	0.00	0.00	0.00	0.00	0.00	0.00	0.00	0.00	0.00	0.00	0.00	0.00	0.00	0.00	0.00	0.00	0.00	0.00	0.00	0.00	0.00	0.00
24.04.2023 16:46:00	600.00	3.09	3.10	3.23	3.23	3.23	41.47	2.99	0.01	89.85	0.22	0.05	0.01	0.19	0.20	0.21	0.25	0.26	89848148.21	0.00	23.85	990.99	44.21	1.00	1.04	1.39	25.00	->	3.72	12.21	13.91	12.18	13.05	14.20	11.09	4.90	1.82	0.93	0.47	0.42	0.37	0.20	0.18	0.08	0.06	0.02	0.01	0.01	0.00	0.00	0.00	0.01	0.00	0.00	0.00	0.00	0.00	0.00	0.00	0.00	0.00	0.00	0.00	0.00	0.00	0.00	0.00	0.00	0.00	0.00	0.00	0.00	0.00	0.00	0.00	0.00	0.00	0.00	0.00	0.00	0.00	0.00	0.00	0.00	0.00	0.00	0.00	0.00	0.00	0.00	0.00	0.00
24.04.2023 16:47:00	600.00	5.82	5.85	6.11	6.11	6.11	37.59	2.84	0.01	168.65	0.22	0.05	0.01	0.19	0.20	0.22	0.26	0.26	168652653.54	0.00	23.94	991.03	43.73	1.08	1.09	1.39	25.00	->	6.99	22.83	25.72	22.69	24.23	26.64	21.32	9.57	3.44	1.76	0.93	0.81	0.67	0.38	0.27	0.16	0.11	0.03	0.02	0.01	0.01	0.00	0.00	0.01	0.00	0.00	0.00	0.00	0.00	0.00	0.00	0.00	0.00	0.00	0.00	0.00	0.00	0.00	0.00	0.00	0.00	0.00	0.00	0.00	0.00	0.00	0.00	0.00	0.00	0.00	0.00	0.00	0.00	0.00	0.00	0.00	0.00	0.00	0.00	0.00	0.00	0.00	0.00	0.00
24.04.2023 16:48:00	600.00	8.90	8.94	9.33	9.33	9.33	33.85	2.64	0.01	255.94	0.23	0.05	0.01	0.19	0.20	0.22	0.26	0.27	255939803.48	0.00	24.03	991.08	43.21	1.27	1.14	1.39	25.00	->	10.46	34.40	38.19	34.34	36.39	40.15	33.01	15.41	5.66	2.73	1.51	1.14	0.92	0.57	0.41	0.24	0.16	0.06	0.04	0.01	0.02	0.01	0.00	0.01	0.00	0.00	0.00	0.00	0.00	0.00	0.00	0.00	0.00	0.00	0.00	0.00	0.00	0.00	0.00	0.00	0.00	0.00	0.00	0.00	0.00	0.00	0.00	0.00	0.00	0.00	0.00	0.00	0.00	0.00	0.00	0.00	0.00	0.00	0.00	0.00	0.00	0.00	0.00	0.00
24.04.2023 16:49:00	600.00	12.18	12.24	12.77	12.77	12.77	30.38	2.36	0.01	349.91	0.23	0.06	0.01	0.19	0.20	0.23	0.27	0.28	349908137.53	0.00	24.11	991.14	42.68	1.59	1.17	1.38	25.00	->	13.93	47.34	52.06	46.66	49.55	54.97	45.06	21.51	7.88	3.80	2.10	1.61	1.23	0.81	0.54	0.31	0.23	0.09	0.05	0.02	0.02	0.01	0.00	0.01	0.00	0.00	0.00	0.00	0.00	0.00	0.00	0.00	0.00	0.00	0.00	0.00	0.00	0.00	0.00	0.00	0.00	0.00	0.00	0.00	0.00	0.00	0.00	0.00	0.00	0.00	0.00	0.00	0.00	0.00	0.00	0.00	0.00	0.00	0.00	0.00	0.00	0.00	0.00	0.00
24.04.2023 16:50:00	600.00	15.57	15.65	16.34	16.34	16.34	27.20	1.88	0.01	445.30	0.24	0.06	0.02	0.19	0.20	0.23	0.28	0.29	445295524.39	0.00	24.19	991.20	42.12	2.01	1.19	1.38	25.00	->	17.60	59.78	65.59	59.62	62.95	69.83	57.83	27.50	10.24	5.17	2.74	2.04	1.55	1.04	0.70	0.39	0.31	0.11	0.06	0.03	0.03	0.01	0.01	0.02	0.00	0.00	0.00	0.00	0.00	0.00	0.00	0.00	0.00	0.00	0.00	0.00	0.00	0.00	0.00	0.00	0.00	0.00	0.00	0.00	0.00	0.00	0.00	0.00	0.00	0.00	0.00	0.00	0.00	0.00	0.00	0.00	0.00	0.00	0.00	0.00	0.00	0.00	0.00	0.00
24.04.2023 16:51:00	600.00	19.11	19.21	20.05	20.05	20.05	24.03	1.58	0.01	542.90	0.24	0.06	0.02	0.20	0.20	0.23	0.28	0.29	542904781.93	0.00	24.27	991.23	41.60	2.55	1.21	1.38	25.00	->	20.93	71.73	79.47	72.53	77.12	85.37	71.41	33.75	12.65	6.40	3.54	2.57	1.90	1.27	0.86	0.50	0.38	0.15	0.07	0.03	0.04	0.01	0.01	0.02	0.00	0.00	0.00	0.00	0.00	0.00	0.00	0.00	0.00	0.00	0.00	0.00	0.00	0.00	0.00	0.00	0.00	0.00	0.00	0.00	0.00	0.00	0.00	0.00	0.00	0.00	0.00	0.00	0.00	0.00	0.00	0.00	0.00	0.00	0.00	0.00	0.00	0.00	0.00	0.00
24.04.2023 16:52:00	600.00	22.72	22.83	23.82	23.82	23.82	21.01	1.57	0.01	642.63	0.24	0.06	0.02	0.20	0.20	0.24	0.28	0.29	642630344.85	0.00	24.34	991.26	41.11	3.20	1.25	1.37	25.00	->	24.60	84.04	93.77	85.63	90.89	101.43	85.19	40.39	15.09	7.79	4.25	3.01	2.31	1.53	1.02	0.61	0.46	0.18	0.10	0.05	0.04	0.01	0.01	0.02	0.00	0.00	0.00	0.00	0.00	0.00	0.00	0.00	0.00	0.00	0.00	0.00	0.00	0.00	0.00	0.00	0.00	0.00	0.00	0.00	0.00	0.00	0.00	0.00	0.00	0.00	0.00	0.00	0.00	0.00	0.00	0.00	0.00	0.00	0.00	0.00	0.00	0.00	0.00	0.00
24.04.2023 16:53:00	600.00	26.42	26.55	27.70	27.70	27.70	18.14	1.74	0.01	745.96	0.25	0.06	0.02	0.20	0.20	0.24	0.28	0.30	745961997.38	0.00	24.42	991.28	40.65	3.96	1.25	1.37	25.00	->	28.36	97.12	108.45	99.09	105.53	118.40	99.34	47.00	17.48	9.16	5.00	3.51	2.60	1.74	1.21	0.73	0.51	0.21	0.12	0.06	0.04	0.02	0.02	0.02	0.00	0.00	0.00	0.01	0.00	0.00	0.00	0.00	0.00	0.00	0.00	0.00	0.00	0.00	0.00	0.00	0.00	0.00	0.00	0.00	0.00	0.00	0.00	0.00	0.00	0.00	0.00	0.00	0.00	0.00	0.00	0.00	0.00	0.00	0.00	0.00	0.00	0.00	0.00	0.00
24.04.2023 16:54:00	600.00	30.10	30.24	31.55	31.55	31.55	15.62	1.92	0.01	848.35	0.25	0.06	0.02	0.20	0.20	0.24	0.29	0.30	848348054.67	0.00	24.49	991.29	40.20	4.82	1.26	1.37	25.00	->	32.03	109.91	123.24	112.76	119.86	134.88	113.18	53.84	19.89	10.48	5.70	4.03	2.91	1.97	1.37	0.88	0.56	0.24	0.15	0.07	0.06	0.02	0.02	0.02	0.01	0.00	0.00	0.01	0.00	0.00	0.00	0.00	0.00	0.00	0.00	0.00	0.00	0.00	0.00	0.00	0.00	0.00	0.00	0.00	0.00	0.00	0.00	0.00	0.00	0.00	0.00	0.00	0.00	0.00	0.00	0.00	0.00	0.00	0.00	0.00	0.00	0.00	0.00	0.00
24.04.2023 16:55:00	600.00	32.64	32.79	34.21	34.21	34.21	13.29	2.12	0.01	918.15	0.25	0.06	0.02	0.20	0.20	0.24	0.29	0.30	918147370.72	0.00	24.56	991.31	39.80	5.79	1.27	1.37	25.00	->	34.28	118.58	132.41	122.46	129.67	145.94	123.09	58.91	21.64	11.46	6.18	4.32	3.12	2.13	1.51	0.96	0.60	0.27	0.15	0.07	0.05	0.02	0.02	0.02	0.01	0.01	0.00	0.01	0.00	0.00	0.00	0.00	0.00	0.00	0.00	0.00	0.00	0.00	0.00	0.00	0.00	0.00	0.00	0.00	0.00	0.00	0.00	0.00	0.00	0.00	0.00	0.00	0.00	0.00	0.00	0.00	0.00	0.00	0.00	0.00	0.00	0.00	0.00	0.00
24.04.2023 16:56:00	600.00	34.17	34.33	35.82	35.81	35.82	11.30	2.22	0.01	956.43	0.25	0.06	0.02	0.20	0.20	0.24	0.29	0.30	956426680.00	0.00	24.63	991.33	39.45	6.85	1.27	1.37	25.00	->	34.89	121.92	137.08	127.61	135.17	153.52	129.17	61.54	22.70	12.16	6.53	4.42	3.24	2.31	1.57	1.02	0.62	0.28	0.16	0.08	0.07	0.03	0.02	0.02	0.01	0.01	0.00	0.01	0.00	0.00	0.00	0.00	0.00	0.00	0.00	0.00	0.00	0.00	0.00	0.00	0.00	0.00	0.00	0.00	0.00	0.00	0.00	0.00	0.00	0.00	0.00	0.00	0.00	0.00	0.00	0.00	0.00	0.00	0.00	0.00	0.00	0.00	0.00	0.00
24.04.2023 16:57:00	600.00	35.02	35.17	36.68	36.68	36.68	9.57	2.55	0.01	975.37	0.25	0.06	0.02	0.20	0.21	0.24	0.29	0.30	975367610.45	0.00	24.69	991.35	39.14	7.92	1.27	1.37	25.00	->	34.62	122.58	138.76	130.19	138.44	157.97	132.55	63.07	23.43	12.67	6.67	4.44	3.31	2.39	1.65	1.04	0.64	0.29	0.17	0.09	0.06	0.03	0.02	0.02	0.01	0.00	0.00	0.01	0.00	0.00	0.00	0.00	0.00	0.00	0.00	0.00	0.00	0.00	0.00	0.00	0.00	0.00	0.00	0.00	0.00	0.00	0.00	0.00	0.00	0.00	0.00	0.00	0.00	0.00	0.00	0.00	0.00	0.00	0.00	0.00	0.00	0.00	0.00	0.00
24.04.2023 16:58:00	600.00	35.60	35.75	37.29	37.29	37.29	8.02	2.86	0.01	988.08	0.25	0.07	0.02	0.20	0.21	0.25	0.29	0.30	988077325.97	0.00	24.75	991.36	38.85	8.98	1.27	1.37	25.00	->	34.42	122.62	140.43	132.18	140.32	161.65	134.58	63.59	23.59	13.14	6.80	4.55	3.35	2.45	1.65	1.05	0.68	0.31	0.19	0.10	0.05	0.02	0.03	0.01	0.01	0.00	0.01	0.01	0.00	0.00	0.00	0.00	0.00	0.00	0.00	0.00	0.00	0.00	0.00	0.00	0.00	0.00	0.00	0.00	0.00	0.00	0.00	0.00	0.00	0.00	0.00	0.00	0.00	0.00	0.00	0.00	0.00	0.00	0.00	0.00	0.00	0.00	0.00	0.00
24.04.2023 16:59:00	600.00	35.92	36.07	37.62	37.62	37.62	6.78	2.96	0.01	992.01	0.25	0.07	0.02	0.20	0.21	0.25	0.29	0.30	992014358.08	0.00	24.82	991.38	38.58	10.00	1.28	1.37	25.00	->	33.84	121.01	140.60	132.99	141.50	162.78	136.36	63.95	23.82	13.30	6.85	4.63	3.37	2.49	1.70	1.07	0.68	0.32	0.21	0.10	0.06	0.02	0.03	0.02	0.01	0.00	0.00	0.01	0.00	0.00	0.00	0.00	0.00	0.00	0.00	0.00	0.00	0.00	0.00	0.00	0.00	0.00	0.00	0.00	0.00	0.00	0.00	0.00	0.00	0.00	0.00	0.00	0.00	0.00	0.00	0.00	0.00	0.00	0.00	0.00	0.00	0.00	0.00	0.00
24.04.2023 17:00:00	600.00	36.11	36.26	37.81	37.81	37.81	5.57	3.12	0.01	995.32	0.25	0.07	0.02	0.20	0.21	0.25	0.29	0.30	995323015.57	0.00	24.88	991.40	38.33	10.97	1.28	1.37	25.00	->	33.37	120.26	140.99	133.27	141.85	164.64	137.59	64.44	23.90	13.14	6.89	4.60	3.36	2.49	1.74	1.06	0.65	0.33	0.21	0.10	0.06	0.02	0.02	0.02	0.01	0.00	0.00	0.02	0.00	0.00	0.00	0.00	0.00	0.00	0.00	0.00	0.00	0.00	0.00	0.00	0.00	0.00	0.00	0.00	0.00	0.00	0.00	0.00	0.00	0.00	0.00	0.00	0.00	0.00	0.00	0.00	0.00	0.00	0.00	0.00	0.00	0.00	0.00	0.00
24.04.2023 17:01:00	600.00	36.31	36.46	38.02	38.02	38.02	4.55	3.21	0.01	1000.53	0.25	0.07	0.02	0.20	0.21	0.25	0.29	0.30	1000527086.40	0.00	24.94	991.42	38.06	11.94	1.28	1.37	25.00	->	33.07	120.38	141.72	134.18	142.01	166.61	138.26	65.10	24.15	13.32	6.84	4.55	3.37	2.51	1.74	1.03	0.62	0.32	0.21	0.10	0.05	0.02	0.02	0.02	0.01	0.00	0.00	0.02	0.00	0.00	0.00	0.00	0.00	0.00	0.00	0.00	0.00	0.00	0.00	0.00	0.00	0.00	0.00	0.00	0.00	0.00	0.00	0.00	0.00	0.00	0.00	0.00	0.00	0.00	0.00	0.00	0.00	0.00	0.00	0.00	0.00	0.00	0.00	0.00
24.04.2023 17:02:00	600.00	36.44	36.59	38.17	38.17	38.17	3.75	3.27	0.01	1002.69	0.25	0.07	0.02	0.20	0.21	0.25	0.29	0.30	1002693536.21	0.00	24.99	991.44	37.79	12.87	1.29	1.37	25.00	->	32.60	120.09	141.99	134.51	142.64	167.16	138.70	65.46	24.38	13.41	6.90	4.60	3.28	2.52	1.79	1.03	0.59	0.33	0.19	0.09	0.05	0.03	0.02	0.02	0.01	0.00	0.00	0.02	0.00	0.00	0.00	0.00	0.00	0.00	0.00	0.00	0.00	0.00	0.00	0.00	0.00	0.00	0.00	0.00	0.00	0.00	0.00	0.00	0.00	0.00	0.00	0.00	0.00	0.00	0.00	0.00	0.00	0.00	0.00	0.00	0.00	0.00	0.00	0.00
24.04.2023 17:03:00	600.00	36.47	36.64	38.27	38.27	38.28	3.21	3.23	0.01	1001.06	0.25	0.07	0.02	0.20	0.21	0.25	0.29	0.30	1001063088.85	0.00	25.05	991.45	37.52	13.77	1.29	1.37	25.00	->	31.90	119.23	141.43	134.62	142.77	167.01	138.81	65.65	24.39	13.32	6.85	4.62	3.35	2.57	1.79	1.02	0.64	0.33	0.20	0.10	0.05	0.04	0.02	0.02	0.01	0.00	0.00	0.01	0.00	0.00	0.00	0.00	0.00	0.00	0.00	0.00	0.00	0.00	0.00	0.00	0.00	0.00	0.00	0.00	0.00	0.00	0.00	0.00	0.00	0.00	0.00	0.00	0.00	0.00	0.00	0.00	0.00	0.00	0.00	0.00	0.00	0.00	0.00	0.00
24.04.2023 17:04:00	600.00	36.47	36.64	38.27	38.27	38.28	2.85	3.22	0.01	1000.12	0.25	0.07	0.02	0.20	0.21	0.25	0.29	0.30	1000116964.91	0.00	25.10	991.46	37.25	14.63	1.29	1.37	25.00	->	31.41	118.82	140.69	134.30	142.64	167.72	139.28	65.62	24.59	13.23	6.89	4.61	3.36	2.55	1.76	0.96	0.66	0.34	0.18	0.10	0.04	0.04	0.02	0.02	0.01	0.00	0.01	0.01	0.00	0.00	0.00	0.00	0.00	0.00	0.00	0.00	0.00	0.00	0.00	0.00	0.00	0.00	0.00	0.00	0.00	0.00	0.00	0.00	0.00	0.00	0.00	0.00	0.00	0.00	0.00	0.00	0.00	0.00	0.00	0.00	0.00	0.00	0.00	0.00
24.04.2023 17:05:00	600.00	36.61	36.78	38.41	38.41	38.42	1313.07	3.12	0.01	1001.48	0.25	0.07	0.02	0.20	0.21	0.25	0.29	0.30	1001477694.29	0.00	25.15	991.47	36.98	15.48	1.31	1.37	25.00	->	31.19	118.16	141.01	133.73	142.94	168.19	140.25	65.86	24.89	13.28	7.01	4.67	3.29	2.56	1.72	0.99	0.71	0.32	0.19	0.10	0.04	0.04	0.02	0.02	0.01	0.00	0.01	0.01	0.00	0.00	0.00	0.00	0.00	0.00	0.00	0.00	0.00	0.00	0.00	0.00	0.00	0.00	0.00	0.00	0.00	0.00	0.00	0.00	0.00	0.00	0.00	0.00	0.00	0.00	0.00	0.00	0.00	0.00	0.00	0.00	0.00	0.00	0.00	0.00
24.04.2023 17:06:00	600.00	36.56	36.73	38.37	38.37	38.38	4807.77	3.31	0.01	997.79	0.25	0.07	0.02	0.20	0.21	0.25	0.29	0.30	997794544.53	0.00	25.21	991.48	36.72	18.18	3.59	1.37	25.00	->	30.72	116.85	139.86	132.53	143.09	168.17	140.05	66.05	25.09	13.26	7.05	4.78	3.32	2.52	1.80	0.95	0.67	0.33	0.19	0.09	0.04	0.04	0.02	0.02	0.01	0.00	0.01	0.01	0.00	0.00	0.00	0.00	0.00	0.00	0.00	0.00	0.00	0.00	0.00	0.00	0.00	0.00	0.00	0.00	0.00	0.00	0.00	0.00	0.00	0.00	0.00	0.00	0.00	0.00	0.00	0.00	0.00	0.00	0.00	0.00	0.00	0.00	0.00	0.00
24.04.2023 17:07:00	600.00	36.51	36.68	38.31	38.31	38.32	4807.34	3.19	0.01	994.36	0.25	0.07	0.02	0.20	0.21	0.25	0.29	0.30	994360528.32	0.00	25.26	991.50	36.45	21.63	5.15	1.37	25.00	->	30.27	115.57	139.27	131.68	142.65	168.54	140.09	65.82	25.10	13.22	7.18	4.76	3.29	2.47	1.82	0.95	0.65	0.35	0.18	0.08	0.05	0.03	0.01	0.02	0.01	0.00	0.01	0.01	0.00	0.00	0.00	0.00	0.00	0.00	0.00	0.00	0.00	0.00	0.00	0.00	0.00	0.00	0.00	0.00	0.00	0.00	0.00	0.00	0.00	0.00	0.00	0.00	0.00	0.00	0.00	0.00	0.00	0.00	0.00	0.00	0.00	0.00	0.00	0.00
24.04.2023 17:08:00	600.00	36.40	36.56	38.19	38.19	38.19	8302.26	3.25	0.01	990.12	0.25	0.07	0.02	0.20	0.21	0.25	0.29	0.30	990121845.12	0.00	25.31	991.51	36.20	26.37	6.31	1.37	25.00	->	29.71	113.97	137.89	130.99	143.32	168.26	140.15	65.60	25.24	12.97	7.22	4.75	3.33	2.43	1.82	0.93	0.61	0.31	0.15	0.07	0.06	0.04	0.01	0.02	0.01	0.00	0.00	0.01	0.00	0.00	0.00	0.00	0.00	0.00	0.00	0.00	0.00	0.00	0.00	0.00	0.00	0.00	0.00	0.00	0.00	0.00	0.00	0.00	0.00	0.00	0.00	0.00	0.00	0.00	0.00	0.00	0.00	0.00	0.00	0.00	0.00	0.00	0.00	0.00
24.04.2023 17:09:00	600.00	36.34	36.49	38.12	38.11	38.12	9612.74	3.34	0.01	987.12	0.25	0.07	0.02	0.20	0.21	0.25	0.29	0.30	987120907.41	0.00	25.36	991.53	35.96	32.78	8.49	1.37	25.00	->	29.34	112.60	136.70	130.33	143.48	169.41	139.80	65.28	25.31	13.05	7.30	4.64	3.33	2.40	1.78	0.92	0.59	0.30	0.12	0.07	0.06	0.04	0.01	0.01	0.01	0.00	0.00	0.00	0.00	0.00	0.00	0.00	0.00	0.00	0.00	0.00	0.00	0.00	0.00	0.00	0.00	0.00	0.00	0.00	0.00	0.00	0.00	0.00	0.00	0.00	0.00	0.00	0.00	0.00	0.00	0.00	0.00	0.00	0.00	0.00	0.00	0.00	0.00	0.00
24.04.2023 17:10:00	600.00	36.29	36.42	38.04	38.04	38.05	11360.21	3.42	0.02	983.78	0.25	0.07	0.02	0.20	0.21	0.25	0.29	0.30	983777940.27	0.00	25.41	991.54	35.72	41.26	10.60	1.37	25.00	->	28.79	111.44	135.62	130.03	144.10	169.04	139.51	64.99	25.30	13.15	7.28	4.68	3.34	2.42	1.76	0.95	0.58	0.30	0.11	0.07	0.05	0.04	0.01	0.01	0.01	0.00	0.00	0.00	0.00	0.00	0.00	0.00	0.00	0.00	0.00	0.00	0.00	0.00	0.00	0.00	0.00	0.00	0.00	0.00	0.00	0.00	0.00	0.00	0.00	0.00	0.00	0.00	0.00	0.00	0.00	0.00	0.00	0.00	0.00	0.00	0.00	0.00	0.00	0.00
24.04.2023 17:11:00	600.00	36.36	36.51	38.13	38.13	38.14	16275.14	3.33	0.01	985.63	0.25	0.07	0.02	0.20	0.21	0.25	0.29	0.30	985632711.68	0.00	25.46	991.55	35.48	49.66	13.00	1.37	25.00	->	28.93	111.55	135.86	129.89	145.07	168.88	140.14	65.02	25.39	13.04	7.28	4.63	3.33	2.45	1.79	0.96	0.59	0.29	0.12	0.07	0.05	0.05	0.02	0.00	0.00	0.00	0.00	0.00	0.00	0.00	0.00	0.00	0.00	0.00	0.00	0.00	0.00	0.00	0.00	0.00	0.00	0.00	0.00	0.00	0.00	0.00	0.00	0.00	0.00	0.00	0.00	0.00	0.00	0.00	0.00	0.00	0.00	0.00	0.00	0.00	0.00	0.00	0.00	0.00
24.04.2023 17:12:00	600.00	36.48	36.61	38.24	38.24	38.24	22282.30	3.09	0.01	990.80	0.25	0.07	0.02	0.20	0.21	0.25	0.29	0.30	990798516.37	0.00	25.51	991.56	35.04	57.98	15.71	1.38	25.00	->	29.16	112.45	136.94	130.42	146.17	169.77	140.97	65.08	25.24	12.98	7.21	4.58	3.33	2.45	1.74	0.92	0.58	0.27	0.12	0.07	0.06	0.05	0.02	0.00	0.00	0.00	0.00	0.00	0.00	0.01	0.00	0.00	0.00	0.00	0.00	0.00	0.00	0.00	0.00	0.00	0.00	0.00	0.00	0.00	0.00	0.00	0.00	0.00	0.00	0.00	0.00	0.00	0.00	0.00	0.00	0.00	0.00	0.00	0.00	0.00	0.00	0.00	0.00	0.00
24.04.2023 17:13:00	600.00	36.64	36.76	38.34	38.34	38.34	28835.58	2.86	0.01	997.61	0.25	0.07	0.02	0.20	0.21	0.25	0.29	0.30	997611129.60	0.00	25.55	991.59	34.33	66.22	18.46	1.38	25.00	->	29.92	113.53	138.63	131.59	146.72	170.60	141.13	65.16	25.51	13.19	7.35	4.55	3.30	2.45	1.75	0.92	0.54	0.25	0.13	0.06	0.07	0.05	0.02	0.00	0.00	0.00	0.00	0.00	0.00	0.01	0.00	0.00	0.00	0.00	0.00	0.00	0.00	0.00	0.00	0.00	0.00	0.00	0.00	0.00	0.00	0.00	0.00	0.00	0.00	0.00	0.00	0.00	0.00	0.00	0.00	0.00	0.00	0.00	0.00	0.00	0.00	0.00	0.00	0.00
24.04.2023 17:14:00	600.00	36.73	36.86	38.43	38.71	38.88	35388.75	2.56	0.01	1001.91	0.25	0.07	0.02	0.20	0.21	0.25	0.29	0.30	1001913415.04	0.00	25.60	991.61	33.40	74.40	21.22	1.38	25.00	->	30.38	113.98	140.08	132.64	148.04	170.67	140.82	64.90	25.39	13.32	7.31	4.53	3.34	2.52	1.77	0.93	0.53	0.24	0.12	0.06	0.07	0.05	0.02	0.00	0.00	0.00	0.00	0.00	0.00	0.01	0.00	0.00	0.00	0.00	0.00	0.00	0.00	0.00	0.00	0.00	0.00	0.00	0.00	0.00	0.00	0.00	0.00	0.00	0.00	0.00	0.00	0.00	0.00	0.00	0.00	0.00	0.00	0.00	0.00	0.00	0.00	0.00	0.00	0.00
24.04.2023 17:15:00	600.00	36.84	36.97	38.53	38.92	39.18	40631.34	2.34	0.01	1007.37	0.25	0.07	0.02	0.20	0.21	0.25	0.29	0.30	1007374272.00	0.00	25.64	991.64	32.28	82.48	23.96	1.38	25.00	->	30.65	115.51	141.81	133.47	149.01	171.75	140.37	64.28	25.39	13.37	7.39	4.47	3.36	2.55	1.80	0.91	0.47	0.28	0.12	0.05	0.07	0.05	0.02	0.00	0.00	0.00	0.00	0.00	0.00	0.00	0.00	0.00	0.00	0.00	0.00	0.00	0.00	0.00	0.00	0.00	0.00	0.00	0.00	0.00	0.00	0.00	0.00	0.00	0.00	0.00	0.00	0.00	0.00	0.00	0.00	0.00	0.00	0.00	0.00	0.00	0.00	0.00	0.00	0.00
24.04.2023 17:16:00	600.00	37.09	37.23	38.79	39.19	39.44	43689.43	1.95	0.01	1019.44	0.25	0.07	0.02	0.20	0.21	0.25	0.29	0.30	1019442154.35	0.00	25.68	991.66	31.00	88.61	24.45	1.38	25.00	->	31.85	118.38	144.61	135.60	150.48	172.54	141.10	64.12	25.48	13.43	7.56	4.49	3.30	2.58	1.71	0.90	0.50	0.30	0.12	0.07	0.05	0.05	0.02	0.01	0.00	0.00	0.00	0.00	0.00	0.00	0.00	0.00	0.00	0.00	0.00	0.00	0.00	0.00	0.00	0.00	0.00	0.00	0.00	0.00	0.00	0.00	0.00	0.00	0.00	0.00	0.00	0.00	0.00	0.00	0.00	0.00	0.00	0.00	0.00	0.00	0.00	0.00	0.00	0.00
24.04.2023 17:17:00	600.00	37.44	37.57	39.15	39.54	43.20	50242.66	1.65	0.01	1034.27	0.25	0.07	0.04	0.20	0.21	0.25	0.29	0.30	1034271606.83	0.00	25.72	991.68	29.59	93.91	25.66	1.38	25.00	->	33.19	121.77	147.76	138.09	152.78	173.83	141.39	64.26	25.66	13.47	7.68	4.60	3.26	2.60	1.70	0.88	0.48	0.30	0.14	0.07	0.04	0.05	0.02	0.01	0.00	0.00	0.00	0.00	0.00	0.00	0.00	0.00	0.00	0.00	0.00	0.00	0.00	0.00	0.00	0.00	0.00	0.00	0.00	0.00	0.00	0.00	0.00	0.00	0.00	0.00	0.00	0.00	0.00	0.00	0.00	0.00	0.00	0.00	0.00	0.00	0.00	0.00	0.00	0.00
24.04.2023 17:18:00	600.00	37.78	37.93	39.55	39.94	43.60	53300.68	1.16	0.01	1048.48	0.25	0.07	0.04	0.20	0.21	0.25	0.29	0.30	1048478227.63	0.00	25.76	991.71	28.06	97.83	27.26	1.38	25.00	->	34.47	125.73	151.32	140.08	154.60	174.90	141.19	64.27	25.75	13.81	7.66	4.65	3.28	2.66	1.77	0.92	0.49	0.31	0.14	0.09	0.04	0.05	0.02	0.01	0.00	0.00	0.00	0.00	0.00	0.00	0.00	0.00	0.00	0.00	0.00	0.00	0.00	0.00	0.00	0.00	0.00	0.00	0.00	0.00	0.00	0.00	0.00	0.00	0.00	0.00	0.00	0.00	0.00	0.00	0.00	0.00	0.00	0.00	0.00	0.00	0.00	0.00	0.00	0.00
24.04.2023 17:19:00	600.00	38.10	38.26	39.89	40.29	43.95	58543.11	0.79	0.00	1064.01	0.25	0.07	0.04	0.20	0.21	0.24	0.29	0.30	1064005197.33	0.00	25.80	991.73	26.42	99.99	27.83	1.37	25.00	->	35.99	129.87	155.03	143.10	156.64	175.91	141.17	64.05	25.76	13.85	7.71	4.74	3.28	2.73	1.77	0.95	0.51	0.32	0.16	0.09	0.04	0.05	0.02	0.01	0.00	0.00	0.00	0.00	0.00	0.00	0.00	0.00	0.00	0.00	0.00	0.00	0.00	0.00	0.00	0.00	0.00	0.00	0.00	0.00	0.00	0.00	0.00	0.00	0.00	0.00	0.00	0.00	0.00	0.00	0.00	0.00	0.00	0.00	0.00	0.00	0.00	0.00	0.00	0.00
24.04.2023 17:20:00	600.00	38.39	38.56	40.21	40.60	44.27	63348.51	0.38	0.00	1077.90	0.25	0.07	0.04	0.20	0.21	0.24	0.29	0.30	1077898290.88	0.00	25.84	991.75	24.71	100.00	28.49	1.37	25.00	->	37.25	133.26	158.37	145.59	159.03	177.44	140.91	63.54	25.91	13.86	7.78	4.75	3.30	2.74	1.74	0.93	0.51	0.33	0.16	0.08	0.05	0.05	0.03	0.01	0.00	0.00	0.00	0.00	0.00	0.00	0.00	0.00	0.00	0.00	0.00	0.00	0.00	0.00	0.00	0.00	0.00	0.00	0.00	0.00	0.00	0.00	0.00	0.00	0.00	0.00	0.00	0.00	0.00	0.00	0.00	0.00	0.00	0.00	0.00	0.00	0.00	0.00	0.00	0.00
24.04.2023 17:21:00	600.00	38.56	38.72	40.38	40.77	44.44	64986.39	0.09	0.00	1089.11	0.25	0.07	0.04	0.20	0.21	0.24	0.29	0.30	1089112683.09	0.00	25.88	991.78	22.92	100.00	28.85	1.37	25.00	->	38.83	136.66	160.68	147.75	161.12	178.98	139.86	62.76	25.78	13.88	7.75	4.86	3.34	2.69	1.74	0.94	0.51	0.33	0.16	0.08	0.05	0.03	0.02	0.01	0.01	0.00	0.00	0.00	0.00	0.00	0.00	0.00	0.00	0.00	0.00	0.00	0.00	0.00	0.00	0.00	0.00	0.00	0.00	0.00	0.00	0.00	0.00	0.00	0.00	0.00	0.00	0.00	0.00	0.00	0.00	0.00	0.00	0.00	0.00	0.00	0.00	0.00	0.00	0.00
24.04.2023 17:22:00	600.00	38.65	38.80	40.46	40.85	44.51	65532.01	0.00	0.00	1096.19	0.25	0.07	0.04	0.20	0.21	0.24	0.29	0.30	1096193429.97	0.00	25.92	991.81	21.29	100.00	28.90	1.37	25.00	->	39.68	139.14	162.39	149.40	162.54	180.38	138.45	61.56	25.67	13.96	7.88	4.94	3.34	2.65	1.75	0.99	0.52	0.34	0.17	0.09	0.05	0.02	0.02	0.01	0.01	0.00	0.00	0.00	0.00	0.00	0.00	0.00	0.00	0.00	0.00	0.00	0.00	0.00	0.00	0.00	0.00	0.00	0.00	0.00	0.00	0.00	0.00	0.00	0.00	0.00	0.00	0.00	0.00	0.00	0.00	0.00	0.00	0.00	0.00	0.00	0.00	0.00	0.00	0.00
24.04.2023 17:23:00	600.00	38.73	38.87	40.53	40.93	44.59	65531.57	0.00	0.00	1102.99	0.25	0.07	0.04	0.20	0.20	0.24	0.29	0.30	1102994425.92	0.00	25.96	991.83	19.87	100.00	28.90	1.37	25.00	->	40.26	141.25	164.50	150.37	164.64	181.65	137.18	60.63	25.53	14.02	7.86	4.93	3.34	2.63	1.74	0.99	0.52	0.35	0.17	0.09	0.04	0.01	0.02	0.01	0.01	0.00	0.00	0.00	0.00	0.00	0.00	0.00	0.00	0.00	0.00	0.00	0.00	0.00	0.00	0.00	0.00	0.00	0.00	0.00	0.00	0.00	0.00	0.00	0.00	0.00	0.00	0.00	0.00	0.00	0.00	0.00	0.00	0.00	0.00	0.00	0.00	0.00	0.00	0.00
24.04.2023 17:24:00	600.00	38.92	39.05	40.74	40.85	44.34	65531.16	0.00	0.00	1112.51	0.25	0.07	0.04	0.20	0.20	0.24	0.29	0.30	1112510283.95	0.00	26.00	991.85	18.64	100.00	28.90	1.37	25.00	->	41.29	143.69	166.23	152.21	166.57	183.15	136.69	60.02	25.59	14.11	7.89	4.92	3.33	2.59	1.77	0.95	0.51	0.36	0.18	0.10	0.04	0.01	0.02	0.01	0.01	0.00	0.00	0.00	0.00	0.00	0.00	0.00	0.00	0.00	0.00	0.00	0.00	0.00	0.00	0.00	0.00	0.00	0.00	0.00	0.00	0.00	0.00	0.00	0.00	0.00	0.00	0.00	0.00	0.00	0.00	0.00	0.00	0.00	0.00	0.00	0.00	0.00	0.00	0.00
24.04.2023 17:25:00	600.00	39.08	39.21	40.91	40.91	44.32	65530.74	0.04	0.00	1120.44	0.25	0.07	0.04	0.20	0.20	0.24	0.29	0.30	1120435811.41	0.00	26.04	991.86	17.57	100.00	28.90	1.37	25.00	->	42.27	145.23	168.06	153.42	168.38	184.54	135.96	59.71	25.66	14.27	7.73	5.01	3.38	2.53	1.82	0.95	0.55	0.34	0.17	0.10	0.05	0.01	0.02	0.01	0.01	0.00	0.00	0.00	0.00	0.00	0.00	0.00	0.00	0.00	0.00	0.00	0.00	0.00	0.00	0.00	0.00	0.00	0.00	0.00	0.00	0.00	0.00	0.00	0.00	0.00	0.00	0.00	0.00	0.00	0.00	0.00	0.00	0.00	0.00	0.00	0.00	0.00	0.00	0.00
24.04.2023 17:26:00	600.00	39.11	39.24	40.94	40.94	44.35	65530.42	0.08	0.00	1123.10	0.25	0.07	0.04	0.20	0.20	0.24	0.29	0.30	1123098413.23	0.00	26.08	991.88	16.62	100.00	28.90	1.37	25.00	->	42.58	145.84	169.14	154.14	169.85	185.01	134.92	59.02	25.52	14.23	7.58	5.02	3.40	2.53	1.80	0.98	0.59	0.33	0.18	0.10	0.06	0.01	0.02	0.00	0.01	0.00	0.00	0.00	0.00	0.00	0.00	0.00	0.00	0.00	0.00	0.00	0.00	0.00	0.00	0.00	0.00	0.00	0.00	0.00	0.00	0.00	0.00	0.00	0.00	0.00	0.00	0.00	0.00	0.00	0.00	0.00	0.00	0.00	0.00	0.00	0.00	0.00	0.00	0.00
24.04.2023 17:27:00	600.00	39.08	39.23	40.96	40.96	40.97	65530.12	0.14	0.00	1124.21	0.25	0.06	0.02	0.20	0.20	0.24	0.29	0.30	1124208950.61	0.00	26.11	991.89	15.80	100.00	28.90	1.36	25.00	->	42.53	146.85	169.94	154.69	170.59	184.23	134.08	58.62	25.56	14.33	7.54	4.95	3.46	2.51	1.77	1.01	0.60	0.32	0.16	0.11	0.06	0.01	0.03	0.01	0.01	0.00	0.00	0.00	0.00	0.00	0.00	0.00	0.00	0.00	0.00	0.01	0.00	0.00	0.00	0.00	0.00	0.00	0.00	0.00	0.00	0.00	0.00	0.00	0.00	0.00	0.00	0.00	0.00	0.00	0.00	0.00	0.00	0.00	0.00	0.00	0.00	0.00	0.00	0.00
24.04.2023 17:28:00	600.00	38.99	39.13	40.86	40.85	40.86	65529.69	0.21	0.00	1122.99	0.25	0.06	0.02	0.20	0.20	0.24	0.29	0.30	1122987303.68	0.00	26.15	991.90	15.06	100.00	28.90	1.36	25.00	->	42.44	146.87	169.78	154.75	171.36	184.30	133.13	58.05	25.45	14.08	7.63	4.93	3.50	2.46	1.72	1.01	0.62	0.31	0.16	0.10	0.06	0.01	0.03	0.01	0.01	0.00	0.00	0.00	0.00	0.00	0.00	0.00	0.00	0.00	0.00	0.00	0.00	0.00	0.00	0.00	0.00	0.00	0.00	0.00	0.00	0.00	0.00	0.00	0.00	0.00	0.00	0.00	0.00	0.00	0.00	0.00	0.00	0.00	0.00	0.00	0.00	0.00	0.00	0.00
24.04.2023 17:29:00	600.00	38.54	38.68	40.38	40.38	40.38	65529.29	0.37	0.00	1110.02	0.25	0.06	0.02	0.20	0.20	0.24	0.29	0.30	1110018427.52	0.00	26.18	991.90	14.41	100.00	28.90	1.36	25.00	->	41.90	144.78	168.21	152.82	170.04	182.56	131.23	56.99	25.12	13.93	7.54	4.82	3.48	2.37	1.75	0.97	0.60	0.30	0.15	0.09	0.07	0.02	0.02	0.01	0.01	0.00	0.00	0.00	0.00	0.00	0.00	0.00	0.00	0.00	0.00	0.00	0.00	0.00	0.00	0.00	0.00	0.00	0.00	0.00	0.00	0.00	0.00	0.00	0.00	0.00	0.00	0.00	0.00	0.00	0.00	0.00	0.00	0.00	0.00	0.00	0.00	0.00	0.00	0.00
24.04.2023 17:30:00	600.00	36.96	37.10	38.74	38.73	38.74	65528.98	0.53	0.00	1064.92	0.25	0.06	0.02	0.20	0.20	0.24	0.28	0.30	1064918589.71	0.00	26.22	991.91	13.83	100.00	28.89	1.35	25.00	->	40.36	138.87	161.73	146.35	163.32	175.36	125.50	54.36	24.02	13.45	7.23	4.68	3.37	2.24	1.70	0.95	0.59	0.26	0.16	0.09	0.06	0.02	0.02	0.01	0.01	0.00	0.00	0.00	0.00	0.01	0.00	0.00	0.00	0.00	0.00	0.00	0.00	0.00	0.00	0.00	0.00	0.00	0.00	0.00	0.00	0.00	0.00	0.00	0.00	0.00	0.00	0.00	0.00	0.00	0.00	0.00	0.00	0.00	0.00	0.00	0.00	0.00	0.00	0.00
24.04.2023 17:31:00	600.00	34.45	34.58	36.11	36.11	36.11	65528.68	0.64	0.00	990.83	0.25	0.06	0.02	0.20	0.20	0.24	0.28	0.30	990831764.21	0.00	26.25	991.92	13.32	100.00	28.75	1.35	25.00	->	37.09	128.45	150.53	136.59	152.52	163.71	116.59	50.23	22.25	12.66	6.80	4.33	3.14	2.13	1.59	0.88	0.56	0.25	0.14	0.08	0.06	0.02	0.02	0.01	0.01	0.00	0.00	0.00	0.00	0.01	0.00	0.00	0.00	0.00	0.00	0.00	0.00	0.00	0.00	0.00	0.00	0.00	0.00	0.00	0.00	0.00	0.00	0.00	0.00	0.00	0.00	0.00	0.00	0.00	0.00	0.00	0.00	0.00	0.00	0.00	0.00	0.00	0.00	0.00
24.04.2023 17:32:00	600.00	31.55	31.68	33.08	33.08	33.08	65528.43	0.70	0.00	905.86	0.25	0.06	0.02	0.20	0.20	0.24	0.28	0.30	905855686.05	0.00	26.28	991.92	12.85	100.00	28.40	1.35	25.00	->	33.77	116.62	137.51	125.04	140.10	150.00	106.54	45.71	20.40	11.56	6.17	3.94	2.94	2.02	1.46	0.79	0.52	0.23	0.12	0.08	0.06	0.02	0.02	0.01	0.01	0.00	0.00	0.00	0.00	0.01	0.00	0.00	0.00	0.00	0.00	0.00	0.00	0.00	0.00	0.00	0.00	0.00	0.00	0.00	0.00	0.00	0.00	0.00	0.00	0.00	0.00	0.00	0.00	0.00	0.00	0.00	0.00	0.00	0.00	0.00	0.00	0.00	0.00	0.00
24.04.2023 17:33:00	600.00	28.32	28.46	29.74	29.74	29.75	65528.14	0.81	0.00	811.58	0.25	0.06	0.02	0.20	0.20	0.24	0.28	0.30	811579369.68	0.00	26.31	991.91	12.44	100.00	27.74	1.35	25.00	->	30.04	103.84	122.73	112.13	126.03	134.79	95.85	40.68	18.36	10.31	5.54	3.58	2.64	1.86	1.31	0.70	0.48	0.21	0.10	0.07	0.06	0.02	0.03	0.01	0.01	0.00	0.00	0.00	0.00	0.01	0.00	0.00	0.00	0.01	0.00	0.00	0.00	0.00	0.00	0.00	0.00	0.00	0.00	0.00	0.00	0.00	0.00	0.00	0.00	0.00	0.00	0.00	0.00	0.00	0.00	0.00	0.00	0.00	0.00	0.00	0.00	0.00	0.00	0.00
24.04.2023 17:34:00	600.00	24.88	25.00	26.14	26.13	26.14	65527.83	0.93	0.00	711.00	0.25	0.06	0.02	0.20	0.21	0.24	0.28	0.30	710996092.43	0.00	26.34	991.91	12.06	100.00	26.75	1.34	25.00	->	25.92	90.37	107.63	97.80	111.00	118.66	84.05	35.41	16.16	9.05	4.93	3.16	2.35	1.66	1.13	0.64	0.45	0.18	0.09	0.06	0.06	0.02	0.02	0.01	0.01	0.00	0.00	0.00	0.00	0.01	0.00	0.00	0.00	0.01	0.00	0.00	0.00	0.00	0.00	0.00	0.00	0.00	0.00	0.00	0.00	0.00	0.00	0.00	0.00	0.00	0.00	0.00	0.00	0.00	0.00	0.00	0.00	0.00	0.00	0.00	0.00	0.00	0.00	0.00
24.04.2023 17:35:00	600.00	21.38	21.49	22.48	22.47	22.48	65527.58	0.99	0.00	610.12	0.25	0.06	0.02	0.20	0.21	0.24	0.28	0.30	610115914.67	0.00	26.37	991.91	11.72	100.00	25.45	1.34	25.00	->	21.84	77.26	92.00	84.33	95.71	102.06	72.36	30.20	13.80	7.64	4.33	2.69	2.02	1.46	0.97	0.56	0.37	0.15	0.07	0.06	0.04	0.02	0.02	0.01	0.01	0.00	0.00	0.00	0.00	0.01	0.00	0.00	0.00	0.01	0.00	0.00	0.00	0.00	0.00	0.00	0.00	0.00	0.00	0.00	0.00	0.00	0.00	0.00	0.00	0.00	0.00	0.00	0.00	0.00	0.00	0.00	0.00	0.00	0.00	0.00	0.00	0.00	0.00	0.00
24.04.2023 17:36:00	600.00	17.85	17.95	18.79	18.78	18.79	65527.31	1.12	0.00	510.52	0.25	0.06	0.02	0.20	0.20	0.24	0.28	0.30	510517293.91	0.00	26.40	991.90	11.41	100.00	23.91	1.34	25.00	->	18.23	65.00	77.00	70.80	79.92	85.35	60.38	25.16	11.53	6.42	3.63	2.19	1.72	1.18	0.84	0.47	0.28	0.11	0.06	0.04	0.03	0.01	0.02	0.01	0.01	0.00	0.00	0.00	0.00	0.01	0.00	0.00	0.00	0.01	0.00	0.00	0.00	0.00	0.00	0.00	0.00	0.00	0.00	0.00	0.00	0.00	0.00	0.00	0.00	0.00	0.00	0.00	0.00	0.00	0.00	0.00	0.00	0.00	0.00	0.00	0.00	0.00	0.00	0.00
24.04.2023 17:37:00	600.00	14.27	14.34	14.99	14.99	14.99	65527.10	1.23	0.01	408.35	0.25	0.06	0.02	0.20	0.20	0.24	0.28	0.30	408347910.65	0.00	26.43	991.90	11.12	100.00	22.24	1.34	25.00	->	14.74	51.85	61.51	56.58	64.00	68.94	48.13	19.85	9.08	5.04	2.87	1.80	1.36	0.96	0.69	0.37	0.23	0.08	0.05	0.02	0.03	0.01	0.01	0.00	0.01	0.00	0.00	0.00	0.00	0.01	0.00	0.00	0.00	0.01	0.00	0.00	0.00	0.00	0.00	0.00	0.00	0.00	0.00	0.00	0.00	0.00	0.00	0.00	0.00	0.00	0.00	0.00	0.00	0.00	0.00	0.00	0.00	0.00	0.00	0.00	0.00	0.00	0.00	0.00
24.04.2023 17:38:00	600.00	10.65	10.71	11.19	11.18	11.19	65527.01	1.35	0.01	305.64	0.25	0.06	0.02	0.20	0.20	0.24	0.28	0.29	305641466.54	0.00	26.46	991.90	10.87	100.00	20.35	1.34	25.00	->	11.16	38.89	46.33	42.45	47.67	51.67	36.12	14.47	6.68	3.79	2.09	1.38	0.99	0.74	0.53	0.25	0.16	0.07	0.03	0.02	0.02	0.01	0.01	0.00	0.01	0.00	0.00	0.00	0.00	0.01	0.00	0.00	0.00	0.00	0.00	0.00	0.00	0.00	0.00	0.00	0.00	0.00	0.00	0.00	0.00	0.00	0.00	0.00	0.00	0.00	0.00	0.00	0.00	0.00	0.00	0.00	0.00	0.00	0.00	0.00	0.00	0.00	0.00	0.00
24.04.2023 17:39:00	600.00	7.39	7.44	7.78	7.78	7.78	65526.97	1.40	0.01	213.01	0.25	0.06	0.02	0.20	0.20	0.24	0.28	0.29	213011692.24	0.00	26.49	991.90	10.63	100.00	18.25	1.33	25.00	->	7.86	27.65	32.26	29.58	33.12	35.88	25.12	9.83	4.55	2.63	1.46	0.99	0.69	0.53	0.36	0.18	0.11	0.05	0.02	0.01	0.01	0.00	0.01	0.00	0.00	0.00	0.00	0.00	0.00	0.01	0.00	0.00	0.00	0.00	0.00	0.00	0.00	0.00	0.00	0.00	0.00	0.00	0.00	0.00	0.00	0.00	0.00	0.00	0.00	0.00	0.00	0.00	0.00	0.00	0.00	0.00	0.00	0.00	0.00	0.00	0.00	0.00	0.00	0.00
24.04.2023 17:40:00	600.00	5.27	5.30	5.55	5.55	5.55	65526.91	1.48	0.01	152.77	0.25	0.06	0.02	0.20	0.20	0.24	0.28	0.29	152770458.00	0.00	26.53	991.90	10.41	100.00	16.05	1.33	25.00	->	5.74	20.22	23.20	21.18	23.64	25.82	17.82	6.99	3.13	1.82	1.05	0.69	0.47	0.38	0.26	0.12	0.08	0.05	0.01	0.01	0.01	0.00	0.01	0.00	0.01	0.00	0.00	0.00	0.00	0.00	0.00	0.00	0.00	0.00	0.00	0.00	0.00	0.00	0.00	0.00	0.00	0.00	0.00	0.00	0.00	0.00	0.00	0.00	0.00	0.00	0.00	0.00	0.00	0.00	0.00	0.00	0.00	0.00	0.00	0.00	0.00	0.00	0.00	0.00
24.04.2023 17:41:00	600.00	3.88	3.91	4.09	4.09	4.09	65526.84	1.60	0.01	113.42	0.24	0.06	0.02	0.20	0.20	0.24	0.28	0.29	113422306.89	0.00	26.56	991.91	10.21	100.00	13.81	1.33	25.00	->	4.36	15.38	17.66	15.42	17.45	18.98	13.15	5.04	2.32	1.30	0.78	0.51	0.32	0.27	0.18	0.10	0.05	0.03	0.01	0.01	0.00	0.00	0.01	0.00	0.00	0.00	0.00	0.00	0.00	0.00	0.00	0.00	0.00	0.00	0.00	0.00	0.00	0.00	0.00	0.00	0.00	0.00	0.00	0.00	0.00	0.00	0.00	0.00	0.00	0.00	0.00	0.00	0.00	0.00	0.00	0.00	0.00	0.00	0.00	0.00	0.00	0.00	0.00	0.00
24.04.2023 17:42:00	600.00	2.91	2.93	3.07	3.07	3.07	65526.80	1.74	0.01	86.26	0.24	0.06	0.02	0.20	0.20	0.24	0.28	0.29	86264228.72	0.00	26.59	991.92	10.03	100.00	11.63	1.33	25.00	->	3.45	12.08	13.68	11.68	13.27	14.10	9.79	3.78	1.81	0.94	0.58	0.37	0.21	0.17	0.14	0.07	0.05	0.02	0.00	0.01	0.00	0.00	0.01	0.00	0.00	0.00	0.00	0.00	0.00	0.00	0.00	0.00	0.00	0.00	0.00	0.00	0.00	0.00	0.00	0.00	0.00	0.00	0.00	0.00	0.00	0.00	0.00	0.00	0.00	0.00	0.00	0.00	0.00	0.00	0.00	0.00	0.00	0.00	0.00	0.00	0.00	0.00	0.00	0.00
24.04.2023 17:43:00	600.00	2.21	2.22	2.31	2.31	2.31	65526.81	1.94	0.01	66.80	0.24	0.06	0.02	0.20	0.20	0.24	0.28	0.29	66801018.59	0.00	26.61	991.94	9.86	100.00	9.70	1.33	25.00	->	2.83	9.69	10.79	9.06	10.16	10.68	7.50	2.93	1.33	0.64	0.40	0.27	0.16	0.09	0.11	0.06	0.03	0.02	0.00	0.00	0.00	0.00	0.00	0.00	0.00	0.00	0.00	0.00	0.00	0.00	0.00	0.00	0.00	0.00	0.00	0.00	0.00	0.00	0.00	0.00	0.00	0.00	0.00	0.00	0.00	0.00	0.00	0.00	0.00	0.00	0.00	0.00	0.00	0.00	0.00	0.00	0.00	0.00	0.00	0.00	0.00	0.00	0.00	0.00
24.04.2023 17:44:00	600.00	1.71	1.71	1.78	1.78	1.78	65526.90	2.10	0.01	52.70	0.24	0.06	0.02	0.20	0.20	0.24	0.28	0.29	52704713.10	0.00	26.64	991.95	9.71	100.00	8.04	1.33	25.00	->	2.32	8.03	8.75	7.22	7.80	8.13	5.84	2.30	0.98	0.45	0.30	0.21	0.12	0.05	0.10	0.05	0.01	0.01	0.00	0.00	0.00	0.00	0.00	0.00	0.00	0.00	0.00	0.00	0.00	0.00	0.00	0.00	0.00	0.00	0.00	0.00	0.00	0.00	0.00	0.00	0.00	0.00	0.00	0.00	0.00	0.00	0.00	0.00	0.00	0.00	0.00	0.00	0.00	0.00	0.00	0.00	0.00	0.00	0.00	0.00	0.00	0.00	0.00	0.00
24.04.2023 17:45:00	600.00	1.33	1.33	1.39	1.39	1.39	65527.02	2.21	0.01	42.23	0.24	0.06	0.02	0.20	0.20	0.24	0.28	0.29	42227953.69	0.00	26.67	991.97	9.57	100.00	6.63	1.33	25.00	->	2.02	6.72	7.16	5.88	6.14	6.25	4.56	1.82	0.71	0.32	0.23	0.17	0.08	0.03	0.05	0.04	0.01	0.01	0.00	0.00	0.00	0.00	0.00	0.00	0.00	0.00	0.00	0.00	0.00	0.00	0.00	0.00	0.00	0.00	0.00	0.00	0.00	0.00	0.00	0.00	0.00	0.00	0.00	0.00	0.00	0.00	0.00	0.00	0.00	0.00	0.00	0.00	0.00	0.00	0.00	0.00	0.00	0.00	0.00	0.00	0.00	0.00	0.00	0.00
24.04.2023 17:46:00	600.00	1.02	1.02	1.06	1.06	1.06	65527.03	2.29	0.01	32.63	0.24	0.06	0.02	0.20	0.20	0.23	0.28	0.29	32633186.70	0.00	26.70	991.98	9.44	100.00	5.43	1.33	25.00	->	1.63	5.25	5.57	4.53	4.76	4.82	3.45	1.40	0.51	0.22	0.19	0.14	0.06	0.03	0.02	0.03	0.01	0.00	0.00	0.00	0.00	0.00	0.00	0.00	0.00	0.00	0.00	0.00	0.00	0.00	0.00	0.00	0.00	0.00	0.00	0.00	0.00	0.00	0.00	0.00	0.00	0.00	0.00	0.00	0.00	0.00	0.00	0.00	0.00	0.00	0.00	0.00	0.00	0.00	0.00	0.00	0.00	0.00	0.00	0.00	0.00	0.00	0.00	0.00
24.04.2023 17:47:00	600.00	0.78	0.79	0.82	0.82	0.82	65527.11	2.29	0.01	25.24	0.24	0.06	0.02	0.20	0.20	0.23	0.28	0.29	25243664.33	0.00	26.72	992.00	9.32	100.00	4.35	1.33	25.00	->	1.29	4.09	4.38	3.56	3.74	3.57	2.65	1.00	0.39	0.17	0.15	0.10	0.05	0.03	0.02	0.02	0.00	0.00	0.00	0.00	0.00	0.00	0.00	0.00	0.00	0.00	0.00	0.00	0.00	0.00	0.00	0.00	0.00	0.00	0.00	0.00	0.00	0.00	0.00	0.00	0.00	0.00	0.00	0.00	0.00	0.00	0.00	0.00	0.00	0.00	0.00	0.00	0.00	0.00	0.00	0.00	0.00	0.00	0.00	0.00	0.00	0.00	0.00	0.00
24.04.2023 17:48:00	600.00	0.61	0.62	0.64	0.64	0.64	65527.15	2.36	0.01	19.78	0.24	0.06	0.02	0.20	0.20	0.23	0.28	0.29	19777792.92	0.00	26.75	992.02	9.21	100.00	3.46	1.34	25.00	->	1.00	3.16	3.49	2.79	2.87	2.85	2.07	0.81	0.31	0.13	0.12	0.07	0.04	0.02	0.02	0.02	0.00	0.00	0.00	0.00	0.00	0.00	0.00	0.00	0.00	0.00	0.00	0.00	0.00	0.00	0.00	0.00	0.00	0.00	0.00	0.00	0.00	0.00	0.00	0.00	0.00	0.00	0.00	0.00	0.00	0.00	0.00	0.00	0.00	0.00	0.00	0.00	0.00	0.00	0.00	0.00	0.00	0.00	0.00	0.00	0.00	0.00	0.00	0.00
24.04.2023 17:49:00	600.00	0.48	0.48	0.50	0.50	0.50	65527.12	2.33	0.01	15.45	0.24	0.06	0.02	0.20	0.20	0.23	0.28	0.29	15447796.67	0.00	26.78	992.04	9.11	100.00	2.78	1.34	25.00	->	0.80	2.47	2.66	2.18	2.27	2.34	1.57	0.60	0.25	0.09	0.09	0.04	0.01	0.01	0.02	0.01	0.00	0.00	0.00	0.00	0.00	0.00	0.00	0.00	0.00	0.00	0.00	0.00	0.00	0.00	0.00	0.00	0.00	0.00	0.00	0.00	0.00	0.00	0.00	0.00	0.00	0.00	0.00	0.00	0.00	0.00	0.00	0.00	0.00	0.00	0.00	0.00	0.00	0.00	0.00	0.00	0.00	0.00	0.00	0.00	0.00	0.00	0.00	0.00
24.04.2023 17:50:00	600.00	0.36	0.37	0.38	0.38	0.38	65527.08	2.33	0.01	11.86	0.24	0.06	0.01	0.19	0.20	0.23	0.27	0.29	11855960.94	0.00	26.81	992.06	9.01	100.00	2.20	1.34	25.00	->	0.59	1.94	2.06	1.67	1.79	1.77	1.17	0.42	0.20	0.08	0.07	0.03	0.01	0.01	0.02	0.01	0.00	0.00	0.00	0.00	0.00	0.00	0.00	0.00	0.00	0.00	0.00	0.00	0.00	0.00	0.00	0.00	0.00	0.00	0.00	0.00	0.00	0.00	0.00	0.00	0.00	0.00	0.00	0.00	0.00	0.00	0.00	0.00	0.00	0.00	0.00	0.00	0.00	0.00	0.00	0.00	0.00	0.00	0.00	0.00	0.00	0.00	0.00	0.00
24.04.2023 17:51:00	600.00	0.29	0.29	0.31	0.31	0.31	65527.09	2.39	0.01	9.63	0.24	0.06	0.02	0.19	0.20	0.23	0.27	0.29	9630922.96	0.00	26.83	992.08	8.92	100.00	1.74	1.34	25.00	->	0.48	1.64	1.67	1.38	1.41	1.40	0.94	0.35	0.15	0.06	0.05	0.02	0.01	0.00	0.02	0.01	0.00	0.01	0.00	0.00	0.00	0.00	0.00	0.00	0.00	0.00	0.00	0.00	0.00	0.00	0.00	0.00	0.00	0.00	0.00	0.00	0.00	0.00	0.00	0.00	0.00	0.00	0.00	0.00	0.00	0.00	0.00	0.00	0.00	0.00	0.00	0.00	0.00	0.00	0.00	0.00	0.00	0.00	0.00	0.00	0.00	0.00	0.00	0.00
24.04.2023 17:52:00	600.00	0.23	0.23	0.24	0.24	0.24	65527.10	2.50	0.01	7.73	0.24	0.06	0.02	0.20	0.20	0.23	0.28	0.29	7732343.49	0.00	26.85	992.09	8.83	100.00	1.42	1.34	25.00	->	0.43	1.36	1.33	1.09	1.11	1.11	0.72	0.30	0.11	0.04	0.05	0.02	0.01	0.00	0.02	0.01	0.00	0.00	0.00	0.00	0.00	0.00	0.00	0.00	0.00	0.00	0.00	0.00	0.00	0.00	0.00	0.00	0.00	0.00	0.00	0.00	0.00	0.00	0.00	0.00	0.00	0.00	0.00	0.00	0.00	0.00	0.00	0.00	0.00	0.00	0.00	0.00	0.00	0.00	0.00	0.00	0.00	0.00	0.00	0.00	0.00	0.00	0.00	0.00
24.04.2023 17:53:00	600.00	0.18	0.18	0.19	0.19	0.19	65527.08	2.46	0.01	6.21	0.24	0.06	0.02	0.20	0.20	0.23	0.27	0.29	6206143.19	0.00	26.88	992.10	8.75	100.00	1.15	1.34	25.00	->	0.36	1.10	1.09	0.92	0.90	0.84	0.56	0.22	0.10	0.03	0.04	0.01	0.01	0.00	0.01	0.01	0.00	0.00	0.00	0.00	0.00	0.00	0.00	0.00	0.00	0.00	0.00	0.00	0.00	0.00	0.00	0.00	0.00	0.00	0.00	0.00	0.00	0.00	0.00	0.00	0.00	0.00	0.00	0.00	0.00	0.00	0.00	0.00	0.00	0.00	0.00	0.00	0.00	0.00	0.00	0.00	0.00	0.00	0.00	0.00	0.00	0.00	0.00	0.00
24.04.2023 17:54:00	600.00	0.15	0.15	0.16	0.16	0.16	65527.01	2.48	0.01	5.18	0.24	0.06	0.02	0.20	0.20	0.23	0.27	0.29	5179791.30	0.00	26.90	992.09	8.67	100.00	0.94	1.34	25.00	->	0.31	0.93	0.92	0.78	0.76	0.66	0.45	0.17	0.09	0.02	0.04	0.01	0.01	0.00	0.01	0.00	0.00	0.00	0.00	0.00	0.00	0.00	0.00	0.00	0.00	0.00	0.00	0.00	0.00	0.00	0.00	0.00	0.00	0.00	0.00	0.00	0.00	0.00	0.00	0.00	0.00	0.00	0.00	0.00	0.00	0.00	0.00	0.00	0.00	0.00	0.00	0.00	0.00	0.00	0.00	0.00	0.00	0.00	0.00	0.00	0.00	0.00	0.00	0.00
24.04.2023 17:55:00	600.00	0.13	0.14	0.15	0.15	0.15	65526.95	3.62	0.02	4.34	0.24	0.06	0.02	0.20	0.20	0.23	0.27	0.29	4339497.03	0.00	26.91	992.06	8.64	100.00	0.79	1.34	25.00	->	0.25	0.78	0.79	0.69	0.62	0.54	0.35	0.13	0.08	0.02	0.05	0.01	0.01	0.00	0.01	0.00	0.00	0.00	0.00	0.00	0.00	0.00	0.00	0.00	0.00	0.00	0.00	0.00	0.00	0.00	0.00	0.00	0.00	0.00	0.00	0.00	0.00	0.00	0.00	0.00	0.00	0.00	0.00	0.00	0.00	0.00	0.00	0.00	0.00	0.00	0.00	0.00	0.00	0.00	0.00	0.00	0.00	0.00	0.00	0.00	0.00	0.00	0.00	0.00
24.04.2023 17:56:00	600.00	0.11	0.12	0.13	0.13	0.13	65526.94	6.78	0.03	3.62	0.24	0.07	0.03	0.20	0.20	0.23	0.27	0.29	3622185.52	0.00	26.91	992.02	8.65	100.00	0.66	1.34	25.00	->	0.22	0.63	0.69	0.58	0.54	0.43	0.26	0.10	0.06	0.02	0.04	0.01	0.01	0.00	0.01	0.00	0.00	0.00	0.00	0.00	0.00	0.00	0.00	0.00	0.00	0.00	0.00	0.00	0.00	0.00	0.00	0.00	0.00	0.00	0.00	0.00	0.00	0.00	0.00	0.00	0.00	0.00	0.00	0.00	0.00	0.00	0.00	0.00	0.00	0.00	0.00	0.00	0.00	0.00	0.00	0.00	0.00	0.00	0.00	0.00	0.00	0.00	0.00	0.00
24.04.2023 17:57:00	600.00	0.09	0.10	0.11	0.11	0.11	65526.81	12.28	0.05	3.07	0.24	0.06	0.03	0.20	0.20	0.23	0.27	0.29	3066387.87	0.00	26.91	991.98	8.69	100.00	0.56	1.34	25.00	->	0.21	0.55	0.56	0.49	0.45	0.36	0.23	0.10	0.05	0.01	0.03	0.01	0.00	0.00	0.01	0.00	0.00	0.00	0.00	0.00	0.00	0.00	0.00	0.00	0.00	0.00	0.00	0.00	0.00	0.00	0.00	0.00	0.00	0.00	0.00	0.00	0.00	0.00	0.00	0.00	0.00	0.00	0.00	0.00	0.00	0.00	0.00	0.00	0.00	0.00	0.00	0.00	0.00	0.00	0.00	0.00	0.00	0.00	0.00	0.00	0.00	0.00	0.00	0.00
24.04.2023 17:58:00	600.00	0.07	0.09	0.10	0.10	0.10	65526.82	19.91	0.09	2.59	0.24	0.06	0.03	0.20	0.20	0.23	0.27	0.29	2591611.06	0.00	26.90	991.94	8.77	100.00	0.47	1.35	25.00	->	0.17	0.48	0.49	0.41	0.37	0.31	0.19	0.08	0.03	0.01	0.02	0.00	0.00	0.00	0.01	0.00	0.00	0.00	0.00	0.00	0.00	0.00	0.00	0.00	0.00	0.00	0.00	0.00	0.00	0.00	0.00	0.00	0.00	0.00	0.00	0.00	0.00	0.00	0.00	0.00	0.00	0.00	0.00	0.00	0.00	0.00	0.00	0.00	0.00	0.00	0.00	0.00	0.00	0.00	0.00	0.00	0.00	0.00	0.00	0.00	0.00	0.00	0.00	0.00
