timestamp	averaging[s]	PM1 [痢/m設	PM2.5 [痢/m設	PM4 [痢/m設	PM10 [痢/m設	PMtot [痢/m設	CO2 [ppm]	VOC [ppb]	VOC [mg/m設	Cn [1/cm設	M1,0 [痠]	M2,0 [痠淫	M3,0 [痠設	x10(dCn) [痠]	x16(dCn) [痠]	x50(dCn) [痠]	x84(dCn) [痠]	x90(dCn) [痠]	Cn [1/m設	PIA [1/m設	T [蚓]	p [hPa]	rH [%]	AQI - Palas	Infection Risk Index	volume flow [l/min]	power (volume flow blower) [%]	dN(痠) [P]
25.04.2023 11:05:00	1.00	0.00	0.00	0.00	0.00	0.00	NaN	NaN	NaN	0.00	NaN	NaN	NaN	NaN	NaN	NaN	NaN	NaN	0.00	0.00	NaN	NaN	NaN	0.00	0.00	0.00	0.00	->
25.04.2023 11:06:00	61.00	0.00	0.00	0.00	0.00	0.00	352.43	0.00	0.00	0.00	NaN	NaN	NaN	NaN	NaN	NaN	NaN	NaN	0.00	0.00	16.70	906.43	46.45	0.00	0.00	0.00	11.25	->	0.00	0.00	0.00	0.00	0.00	0.00	0.00	0.00	0.00	0.00	0.00	0.00	0.00	0.00	0.00	0.00	0.00	0.00	0.00	0.00	0.00	0.00	0.00	0.00	0.00	0.00	0.00	0.00	0.00	0.00	0.00	0.00	0.00	0.00	0.00	0.00	0.00	0.00	0.00	0.00	0.00	0.00	0.00	0.00	0.00	0.00	0.00	0.00	0.00	0.00	0.00	0.00	0.00	0.00	0.00	0.00	0.00	0.00	0.00	0.00	0.00	0.00	0.00	0.00
25.04.2023 11:07:00	121.00	0.06	0.17	0.41	0.55	0.64	356.46	0.00	0.00	1.36	0.31	0.28	0.79	0.20	0.20	0.23	0.28	0.33	1358264.58	0.00	17.74	950.97	47.23	0.14	0.01	0.00	15.83	->	0.04	0.19	0.30	0.15	0.22	0.17	0.12	0.04	0.03	0.00	0.00	0.00	0.03	0.00	0.00	0.01	0.00	0.01	0.00	0.00	0.00	0.00	0.00	0.00	0.01	0.00	0.00	0.00	0.00	0.00	0.00	0.00	0.00	0.01	0.00	0.00	0.00	0.00	0.00	0.00	0.00	0.00	0.01	0.01	0.00	0.00	0.00	0.00	0.00	0.00	0.00	0.00	0.00	0.00	0.00	0.00	0.00	0.00	0.00	0.00	0.00	0.00	0.00	0.00
25.04.2023 11:08:00	181.00	0.11	0.21	0.40	0.51	0.58	399.03	0.00	0.00	2.75	0.28	0.18	0.41	0.20	0.21	0.24	0.28	0.31	2749957.96	0.00	18.20	965.81	47.86	0.35	0.03	0.00	18.12	->	0.05	0.37	0.54	0.41	0.58	0.35	0.23	0.07	0.02	0.01	0.00	0.00	0.02	0.01	0.01	0.01	0.01	0.02	0.00	0.00	0.00	0.00	0.00	0.00	0.01	0.01	0.00	0.00	0.00	0.00	0.00	0.00	0.00	0.01	0.00	0.00	0.00	0.00	0.00	0.00	0.00	0.00	0.01	0.00	0.00	0.00	0.00	0.00	0.00	0.00	0.00	0.00	0.00	0.00	0.00	0.00	0.00	0.00	0.00	0.00	0.00	0.00	0.00	0.00
25.04.2023 11:09:00	241.00	0.15	0.27	0.50	0.57	0.64	438.64	0.05	0.00	3.85	0.27	0.15	0.31	0.20	0.21	0.23	0.27	0.30	3848885.53	0.00	18.49	973.23	48.30	0.48	0.05	0.47	19.50	->	0.08	0.54	0.75	0.64	0.81	0.47	0.27	0.09	0.02	0.02	0.01	0.01	0.04	0.02	0.01	0.01	0.01	0.01	0.01	0.00	0.00	0.00	0.01	0.00	0.01	0.01	0.01	0.00	0.00	0.00	0.00	0.00	0.00	0.01	0.00	0.00	0.01	0.00	0.00	0.00	0.00	0.00	0.01	0.00	0.00	0.00	0.00	0.00	0.00	0.00	0.00	0.00	0.00	0.00	0.00	0.00	0.00	0.00	0.00	0.00	0.00	0.00	0.00	0.00
25.04.2023 11:10:00	301.00	0.17	0.28	0.47	0.54	0.59	467.41	0.16	0.00	4.43	0.27	0.13	0.24	0.20	0.21	0.23	0.28	0.30	4430194.63	0.00	18.70	977.67	48.57	0.60	0.07	0.71	20.42	->	0.12	0.58	0.90	0.75	0.85	0.52	0.33	0.15	0.03	0.03	0.01	0.01	0.04	0.02	0.01	0.01	0.00	0.01	0.01	0.00	0.00	0.00	0.00	0.00	0.01	0.01	0.01	0.00	0.00	0.00	0.00	0.00	0.00	0.01	0.00	0.00	0.01	0.00	0.00	0.00	0.00	0.00	0.00	0.00	0.00	0.00	0.00	0.00	0.00	0.00	0.00	0.00	0.00	0.00	0.00	0.00	0.00	0.00	0.00	0.00	0.00	0.00	0.00	0.00
25.04.2023 11:11:00	361.00	0.19	0.29	0.46	0.51	0.56	483.28	0.26	0.00	5.08	0.26	0.12	0.20	0.20	0.20	0.23	0.28	0.30	5075018.43	0.00	18.86	980.64	48.68	1.06	0.08	0.85	21.07	->	0.15	0.72	1.02	0.85	0.89	0.61	0.41	0.16	0.05	0.04	0.01	0.01	0.04	0.02	0.01	0.01	0.00	0.01	0.01	0.00	0.00	0.01	0.01	0.00	0.01	0.01	0.01	0.00	0.01	0.00	0.00	0.00	0.00	0.01	0.00	0.00	0.01	0.00	0.00	0.00	0.00	0.00	0.00	0.00	0.00	0.00	0.00	0.00	0.00	0.00	0.00	0.00	0.00	0.00	0.00	0.00	0.00	0.00	0.00	0.00	0.00	0.00	0.00	0.00
25.04.2023 11:12:00	421.00	0.20	0.29	0.44	0.49	0.53	491.45	0.44	0.00	5.58	0.26	0.11	0.17	0.20	0.20	0.23	0.28	0.30	5581398.64	0.00	19.01	982.76	48.73	1.65	0.07	0.95	21.56	->	0.18	0.82	1.12	0.96	0.95	0.66	0.45	0.17	0.05	0.04	0.01	0.01	0.04	0.02	0.02	0.01	0.00	0.01	0.00	0.00	0.00	0.01	0.01	0.00	0.01	0.00	0.01	0.00	0.00	0.00	0.00	0.00	0.00	0.01	0.00	0.00	0.00	0.00	0.00	0.00	0.00	0.00	0.00	0.00	0.00	0.00	0.00	0.00	0.00	0.00	0.00	0.00	0.00	0.00	0.00	0.00	0.00	0.00	0.00	0.00	0.00	0.00	0.00	0.00
25.04.2023 11:13:00	481.00	0.21	0.31	0.48	0.52	0.56	495.00	0.63	0.00	6.02	0.26	0.11	0.16	0.20	0.20	0.23	0.28	0.29	6019528.44	0.00	19.15	984.35	48.74	2.24	0.07	1.01	21.94	->	0.19	0.90	1.20	1.03	1.03	0.69	0.50	0.19	0.06	0.04	0.01	0.01	0.04	0.03	0.02	0.01	0.00	0.01	0.00	0.00	0.00	0.01	0.01	0.00	0.01	0.00	0.00	0.00	0.00	0.00	0.00	0.00	0.00	0.00	0.00	0.00	0.01	0.00	0.00	0.00	0.00	0.00	0.00	0.00	0.00	0.00	0.00	0.00	0.00	0.00	0.00	0.00	0.00	0.00	0.00	0.00	0.00	0.00	0.00	0.00	0.00	0.00	0.00	0.00
25.04.2023 11:14:00	541.00	0.22	0.32	0.47	0.51	0.54	495.78	0.71	0.00	6.24	0.26	0.10	0.14	0.20	0.20	0.23	0.28	0.29	6240451.70	0.00	19.27	985.59	48.71	2.71	0.07	1.06	22.25	->	0.19	0.97	1.18	1.10	1.03	0.76	0.55	0.18	0.06	0.04	0.01	0.02	0.04	0.02	0.02	0.02	0.00	0.01	0.00	0.00	0.00	0.01	0.01	0.00	0.01	0.00	0.01	0.00	0.00	0.00	0.00	0.00	0.00	0.00	0.00	0.00	0.01	0.00	0.00	0.00	0.00	0.00	0.00	0.00	0.00	0.00	0.00	0.00	0.00	0.00	0.00	0.00	0.00	0.00	0.00	0.00	0.00	0.00	0.00	0.00	0.00	0.00	0.00	0.00
25.04.2023 11:15:00	600.00	0.25	0.34	0.50	0.54	0.57	494.28	0.92	0.00	7.11	0.26	0.10	0.13	0.20	0.20	0.23	0.27	0.29	7108192.77	0.00	19.39	986.58	48.67	3.41	0.08	1.23	24.75	->	0.22	1.12	1.34	1.26	1.12	0.91	0.59	0.20	0.09	0.05	0.02	0.02	0.04	0.02	0.02	0.02	0.01	0.01	0.00	0.01	0.00	0.01	0.01	0.00	0.01	0.00	0.01	0.00	0.00	0.00	0.00	0.00	0.00	0.00	0.00	0.00	0.01	0.00	0.00	0.00	0.00	0.00	0.00	0.00	0.00	0.00	0.00	0.00	0.00	0.00	0.00	0.00	0.00	0.00	0.00	0.00	0.00	0.00	0.00	0.00	0.00	0.00	0.00	0.00
25.04.2023 11:16:00	600.00	0.27	0.37	0.52	0.56	0.60	507.02	1.54	0.01	7.88	0.25	0.09	0.12	0.20	0.20	0.23	0.28	0.29	7881453.50	0.00	19.78	995.49	48.91	4.11	0.09	1.40	25.00	->	0.25	1.26	1.45	1.37	1.25	1.03	0.68	0.22	0.10	0.05	0.03	0.02	0.04	0.02	0.02	0.02	0.01	0.01	0.00	0.01	0.00	0.01	0.01	0.00	0.01	0.00	0.01	0.00	0.00	0.00	0.00	0.00	0.00	0.00	0.00	0.00	0.01	0.00	0.00	0.00	0.00	0.00	0.00	0.00	0.00	0.00	0.00	0.00	0.00	0.00	0.00	0.00	0.00	0.00	0.00	0.00	0.00	0.00	0.00	0.00	0.00	0.00	0.00	0.00
25.04.2023 11:17:00	600.00	0.29	0.41	0.63	0.77	0.86	520.94	1.68	0.01	8.47	0.25	0.09	0.13	0.20	0.20	0.23	0.27	0.29	8474462.68	0.00	19.98	995.49	48.97	4.77	0.09	1.39	25.00	->	0.29	1.39	1.55	1.46	1.33	1.12	0.69	0.23	0.10	0.06	0.04	0.03	0.04	0.03	0.02	0.02	0.01	0.00	0.00	0.01	0.00	0.01	0.01	0.00	0.00	0.00	0.01	0.00	0.00	0.00	0.00	0.00	0.00	0.00	0.00	0.00	0.01	0.00	0.00	0.00	0.00	0.00	0.00	0.00	0.00	0.00	0.00	0.00	0.00	0.00	0.00	0.00	0.00	0.00	0.00	0.00	0.00	0.00	0.00	0.00	0.00	0.00	0.00	0.00
25.04.2023 11:18:00	600.00	0.29	0.41	0.63	0.79	0.89	521.08	1.84	0.01	8.72	0.25	0.09	0.13	0.20	0.20	0.23	0.27	0.29	8720692.12	0.00	20.15	995.49	48.87	5.37	0.09	1.39	25.00	->	0.34	1.47	1.54	1.52	1.28	1.16	0.72	0.27	0.10	0.07	0.04	0.04	0.04	0.03	0.02	0.03	0.00	0.00	0.00	0.01	0.01	0.01	0.01	0.00	0.00	0.00	0.01	0.00	0.00	0.00	0.00	0.00	0.00	0.00	0.00	0.00	0.01	0.00	0.00	0.00	0.00	0.00	0.00	0.00	0.00	0.00	0.00	0.00	0.00	0.00	0.00	0.00	0.00	0.00	0.00	0.00	0.00	0.00	0.00	0.00	0.00	0.00	0.00	0.00
25.04.2023 11:19:00	600.00	0.30	0.40	0.59	0.74	0.84	511.85	2.06	0.01	8.87	0.25	0.09	0.13	0.20	0.20	0.23	0.28	0.29	8873760.80	0.00	20.31	995.49	48.67	5.97	0.09	1.38	25.00	->	0.38	1.51	1.59	1.51	1.24	1.17	0.77	0.28	0.11	0.07	0.03	0.03	0.03	0.03	0.02	0.03	0.01	0.00	0.00	0.01	0.01	0.01	0.00	0.01	0.00	0.00	0.00	0.00	0.00	0.00	0.00	0.00	0.00	0.00	0.00	0.00	0.01	0.00	0.00	0.00	0.00	0.00	0.00	0.00	0.00	0.00	0.00	0.00	0.00	0.00	0.00	0.00	0.00	0.00	0.00	0.00	0.00	0.00	0.00	0.00	0.00	0.00	0.00	0.00
25.04.2023 11:20:00	600.00	0.31	0.41	0.60	0.75	0.85	497.93	2.16	0.01	9.23	0.25	0.09	0.13	0.20	0.20	0.23	0.27	0.29	9225818.78	0.00	20.47	995.50	48.42	6.47	0.08	1.38	25.00	->	0.40	1.67	1.60	1.56	1.30	1.23	0.75	0.27	0.12	0.06	0.04	0.03	0.03	0.03	0.02	0.03	0.01	0.00	0.00	0.01	0.01	0.01	0.01	0.01	0.00	0.00	0.00	0.00	0.00	0.00	0.00	0.00	0.00	0.00	0.00	0.00	0.01	0.00	0.00	0.00	0.00	0.00	0.00	0.00	0.00	0.00	0.00	0.00	0.00	0.00	0.00	0.00	0.00	0.00	0.00	0.00	0.00	0.00	0.00	0.00	0.00	0.00	0.00	0.00
25.04.2023 11:21:00	600.00	0.31	0.40	0.59	0.75	0.85	484.27	2.24	0.01	9.32	0.25	0.09	0.12	0.20	0.20	0.23	0.27	0.29	9318715.64	0.00	20.62	995.50	48.15	6.68	0.08	1.37	25.00	->	0.41	1.70	1.64	1.58	1.34	1.20	0.74	0.27	0.11	0.05	0.04	0.03	0.02	0.04	0.02	0.03	0.01	0.00	0.00	0.01	0.01	0.00	0.00	0.01	0.00	0.00	0.00	0.01	0.00	0.00	0.00	0.00	0.00	0.00	0.00	0.00	0.01	0.00	0.00	0.00	0.00	0.00	0.00	0.00	0.00	0.00	0.00	0.00	0.00	0.00	0.00	0.00	0.00	0.00	0.00	0.00	0.00	0.00	0.00	0.00	0.00	0.00	0.00	0.00
25.04.2023 11:22:00	600.00	0.31	0.42	0.62	0.78	0.87	471.74	2.22	0.01	9.52	0.25	0.09	0.13	0.20	0.20	0.23	0.27	0.29	9515065.82	0.00	20.77	995.50	47.86	6.61	0.09	1.36	25.00	->	0.42	1.69	1.71	1.62	1.38	1.26	0.74	0.28	0.11	0.05	0.04	0.04	0.02	0.04	0.02	0.03	0.01	0.00	0.00	0.01	0.01	0.00	0.00	0.01	0.00	0.00	0.00	0.01	0.00	0.00	0.00	0.00	0.00	0.00	0.00	0.00	0.01	0.00	0.00	0.00	0.00	0.00	0.00	0.00	0.00	0.00	0.00	0.00	0.00	0.00	0.00	0.00	0.00	0.00	0.00	0.00	0.00	0.00	0.00	0.00	0.00	0.00	0.00	0.00
25.04.2023 11:23:00	600.00	0.32	0.42	0.58	0.74	0.83	460.69	2.23	0.01	9.54	0.25	0.09	0.12	0.20	0.20	0.23	0.27	0.29	9540137.40	0.00	20.90	995.50	47.56	6.35	0.10	1.36	25.00	->	0.45	1.68	1.74	1.58	1.32	1.30	0.75	0.29	0.11	0.05	0.04	0.04	0.01	0.04	0.01	0.02	0.01	0.00	0.00	0.01	0.01	0.01	0.01	0.01	0.00	0.00	0.00	0.01	0.00	0.00	0.00	0.00	0.00	0.00	0.00	0.00	0.00	0.00	0.00	0.00	0.00	0.00	0.00	0.00	0.00	0.00	0.00	0.00	0.00	0.00	0.00	0.00	0.00	0.00	0.00	0.00	0.00	0.00	0.00	0.00	0.00	0.00	0.00	0.00
25.04.2023 11:24:00	600.00	0.33	0.42	0.59	0.75	0.84	450.17	2.39	0.01	9.78	0.25	0.09	0.12	0.20	0.20	0.23	0.27	0.29	9779769.05	0.00	21.03	995.50	47.26	6.05	0.11	1.36	25.00	->	0.49	1.67	1.88	1.61	1.34	1.28	0.76	0.33	0.11	0.05	0.04	0.03	0.02	0.04	0.01	0.02	0.01	0.01	0.00	0.01	0.01	0.01	0.01	0.01	0.00	0.00	0.00	0.01	0.00	0.00	0.00	0.00	0.00	0.00	0.00	0.00	0.00	0.00	0.00	0.00	0.00	0.00	0.00	0.00	0.00	0.00	0.00	0.00	0.00	0.00	0.00	0.00	0.00	0.00	0.00	0.00	0.00	0.00	0.00	0.00	0.00	0.00	0.00	0.00
25.04.2023 11:25:00	600.00	0.34	0.44	0.61	0.83	0.95	440.71	2.30	0.01	9.94	0.25	0.09	0.15	0.20	0.20	0.23	0.27	0.29	9939963.34	0.00	21.15	995.50	46.92	5.65	0.12	1.36	25.00	->	0.50	1.66	1.91	1.63	1.38	1.27	0.82	0.36	0.09	0.05	0.04	0.03	0.03	0.04	0.01	0.02	0.01	0.01	0.00	0.01	0.01	0.01	0.01	0.01	0.00	0.00	0.00	0.01	0.00	0.00	0.00	0.00	0.00	0.00	0.00	0.00	0.00	0.00	0.00	0.00	0.00	0.00	0.00	0.00	0.00	0.00	0.00	0.00	0.00	0.00	0.00	0.00	0.00	0.00	0.00	0.00	0.00	0.00	0.00	0.00	0.00	0.00	0.00	0.00
25.04.2023 11:26:00	600.00	0.35	0.47	0.66	1.03	1.22	430.84	1.77	0.01	10.21	0.25	0.10	0.21	0.20	0.20	0.23	0.27	0.29	10211264.40	0.00	21.27	995.50	46.49	5.19	0.12	1.36	25.00	->	0.51	1.69	2.01	1.66	1.39	1.31	0.86	0.37	0.08	0.05	0.03	0.04	0.04	0.05	0.01	0.02	0.01	0.01	0.00	0.01	0.01	0.01	0.01	0.01	0.00	0.00	0.00	0.01	0.00	0.00	0.00	0.00	0.00	0.00	0.00	0.00	0.00	0.00	0.00	0.00	0.00	0.00	0.00	0.00	0.00	0.00	0.00	0.00	0.00	0.00	0.00	0.00	0.00	0.00	0.00	0.00	0.00	0.00	0.00	0.00	0.00	0.00	0.00	0.00
25.04.2023 11:27:00	600.00	0.35	0.41	0.47	0.69	0.80	418.62	1.67	0.01	10.28	0.25	0.08	0.12	0.20	0.20	0.23	0.27	0.29	10278034.01	0.00	21.38	995.50	46.06	4.67	0.13	1.36	25.00	->	0.51	1.66	2.06	1.68	1.41	1.31	0.91	0.37	0.08	0.05	0.02	0.04	0.03	0.04	0.01	0.01	0.01	0.01	0.00	0.01	0.01	0.01	0.01	0.01	0.00	0.00	0.00	0.01	0.00	0.00	0.00	0.00	0.00	0.00	0.00	0.00	0.00	0.00	0.00	0.00	0.00	0.00	0.00	0.00	0.00	0.00	0.00	0.00	0.00	0.00	0.00	0.00	0.00	0.00	0.00	0.00	0.00	0.00	0.00	0.00	0.00	0.00	0.00	0.00
25.04.2023 11:28:00	600.00	0.34	0.40	0.45	0.66	0.77	407.00	1.69	0.01	10.39	0.24	0.08	0.11	0.20	0.20	0.23	0.27	0.29	10393099.45	0.00	21.50	995.50	45.64	4.08	0.15	1.36	25.00	->	0.50	1.67	2.21	1.64	1.42	1.33	0.92	0.35	0.08	0.04	0.03	0.03	0.03	0.04	0.01	0.01	0.01	0.01	0.00	0.01	0.01	0.01	0.01	0.01	0.00	0.00	0.00	0.01	0.00	0.00	0.00	0.00	0.00	0.00	0.00	0.00	0.00	0.00	0.00	0.00	0.00	0.00	0.00	0.00	0.00	0.00	0.00	0.00	0.00	0.00	0.00	0.00	0.00	0.00	0.00	0.00	0.00	0.00	0.00	0.00	0.00	0.00	0.00	0.00
25.04.2023 11:29:00	600.00	0.34	0.40	0.45	0.66	0.76	396.75	1.59	0.01	10.57	0.24	0.08	0.11	0.20	0.20	0.23	0.27	0.29	10570447.97	0.00	21.61	995.50	45.24	3.48	0.16	1.36	25.00	->	0.50	1.71	2.27	1.67	1.44	1.38	0.92	0.36	0.07	0.04	0.03	0.03	0.03	0.03	0.01	0.00	0.01	0.01	0.00	0.01	0.01	0.01	0.01	0.01	0.00	0.00	0.00	0.01	0.00	0.00	0.00	0.00	0.00	0.00	0.00	0.00	0.00	0.00	0.00	0.00	0.00	0.00	0.00	0.00	0.00	0.00	0.00	0.00	0.00	0.00	0.00	0.00	0.00	0.00	0.00	0.00	0.00	0.00	0.00	0.00	0.00	0.00	0.00	0.00
25.04.2023 11:30:00	600.00	0.35	0.39	0.44	0.65	0.76	388.32	1.50	0.01	10.67	0.24	0.08	0.11	0.20	0.20	0.23	0.27	0.29	10674956.91	0.00	21.72	995.50	44.88	2.96	0.17	1.36	25.00	->	0.49	1.65	2.35	1.69	1.44	1.40	0.98	0.35	0.07	0.04	0.04	0.04	0.03	0.02	0.01	0.00	0.01	0.01	0.00	0.01	0.00	0.01	0.01	0.01	0.00	0.00	0.00	0.00	0.00	0.00	0.00	0.00	0.00	0.00	0.00	0.00	0.00	0.00	0.00	0.00	0.00	0.00	0.00	0.00	0.00	0.00	0.00	0.00	0.00	0.00	0.00	0.00	0.00	0.00	0.00	0.00	0.00	0.00	0.00	0.00	0.00	0.00	0.00	0.00
25.04.2023 11:31:00	600.00	0.34	0.39	0.44	0.64	0.75	380.95	1.45	0.01	10.69	0.24	0.08	0.11	0.20	0.20	0.23	0.27	0.29	10691319.40	0.00	21.83	995.50	44.55	2.46	0.18	1.36	25.00	->	0.47	1.66	2.33	1.66	1.45	1.46	0.99	0.37	0.07	0.04	0.04	0.04	0.04	0.02	0.01	0.00	0.01	0.01	0.00	0.01	0.00	0.01	0.01	0.00	0.00	0.00	0.00	0.00	0.00	0.00	0.00	0.00	0.00	0.00	0.00	0.00	0.00	0.00	0.00	0.00	0.00	0.00	0.00	0.00	0.00	0.00	0.00	0.00	0.00	0.00	0.00	0.00	0.00	0.00	0.00	0.00	0.00	0.00	0.00	0.00	0.00	0.00	0.00	0.00
25.04.2023 11:32:00	600.00	0.34	0.37	0.42	0.62	0.73	374.15	1.43	0.01	10.58	0.24	0.08	0.10	0.20	0.20	0.23	0.27	0.29	10583115.68	0.00	21.93	995.50	44.24	2.06	0.19	1.36	25.00	->	0.48	1.69	2.23	1.64	1.44	1.44	0.98	0.38	0.06	0.05	0.04	0.03	0.04	0.02	0.01	0.00	0.01	0.01	0.01	0.01	0.00	0.01	0.01	0.00	0.00	0.00	0.00	0.00	0.00	0.00	0.00	0.00	0.00	0.00	0.00	0.00	0.00	0.00	0.00	0.00	0.00	0.00	0.00	0.00	0.00	0.00	0.00	0.00	0.00	0.00	0.00	0.00	0.00	0.00	0.00	0.00	0.00	0.00	0.00	0.00	0.00	0.00	0.00	0.00
25.04.2023 11:33:00	600.00	0.34	0.37	0.41	0.62	0.72	367.58	1.35	0.01	10.73	0.24	0.07	0.10	0.20	0.20	0.23	0.27	0.29	10725100.07	0.00	22.03	995.50	43.88	1.72	0.20	1.36	25.00	->	0.47	1.72	2.23	1.65	1.51	1.53	0.95	0.38	0.07	0.05	0.04	0.03	0.04	0.01	0.01	0.00	0.01	0.01	0.01	0.01	0.00	0.00	0.00	0.00	0.00	0.00	0.00	0.00	0.00	0.00	0.00	0.00	0.00	0.00	0.00	0.00	0.00	0.00	0.00	0.00	0.00	0.00	0.00	0.00	0.00	0.00	0.00	0.00	0.00	0.00	0.00	0.00	0.00	0.00	0.00	0.00	0.00	0.00	0.00	0.00	0.00	0.00	0.00	0.00
25.04.2023 11:34:00	600.00	0.34	0.38	0.42	0.63	0.74	363.98	1.12	0.01	11.04	0.24	0.07	0.10	0.20	0.20	0.23	0.27	0.28	11039154.79	0.00	22.13	995.50	43.47	1.43	0.22	1.36	25.00	->	0.47	1.79	2.31	1.66	1.58	1.56	1.00	0.37	0.08	0.05	0.04	0.03	0.04	0.01	0.01	0.00	0.00	0.01	0.01	0.01	0.00	0.00	0.00	0.00	0.00	0.00	0.00	0.00	0.00	0.00	0.00	0.00	0.00	0.00	0.00	0.00	0.00	0.00	0.00	0.00	0.00	0.00	0.00	0.00	0.00	0.00	0.00	0.00	0.00	0.00	0.00	0.00	0.00	0.00	0.00	0.00	0.00	0.00	0.00	0.00	0.00	0.00	0.00	0.00
25.04.2023 11:35:00	600.00	0.35	0.38	0.42	0.57	0.64	363.86	1.22	0.01	11.37	0.24	0.07	0.07	0.20	0.20	0.23	0.27	0.28	11369044.18	0.00	22.23	995.50	43.12	1.23	0.22	1.36	25.00	->	0.52	1.87	2.34	1.67	1.65	1.59	1.06	0.35	0.09	0.06	0.03	0.03	0.03	0.02	0.01	0.00	0.01	0.01	0.01	0.01	0.00	0.00	0.00	0.00	0.00	0.00	0.00	0.00	0.00	0.00	0.00	0.00	0.00	0.00	0.00	0.00	0.00	0.00	0.00	0.00	0.00	0.00	0.00	0.00	0.00	0.00	0.00	0.00	0.00	0.00	0.00	0.00	0.00	0.00	0.00	0.00	0.00	0.00	0.00	0.00	0.00	0.00	0.00	0.00
25.04.2023 11:36:00	600.00	0.36	0.37	0.39	0.39	0.39	364.16	1.36	0.01	11.62	0.24	0.06	0.02	0.20	0.20	0.23	0.27	0.28	11618968.38	0.00	22.33	995.50	42.76	1.09	0.22	1.36	25.00	->	0.54	1.88	2.39	1.79	1.68	1.62	1.03	0.34	0.09	0.06	0.04	0.03	0.02	0.02	0.01	0.01	0.01	0.00	0.00	0.01	0.00	0.00	0.00	0.00	0.00	0.00	0.00	0.00	0.00	0.00	0.00	0.00	0.00	0.00	0.00	0.00	0.00	0.00	0.00	0.00	0.00	0.00	0.00	0.00	0.00	0.00	0.00	0.00	0.00	0.00	0.00	0.00	0.00	0.00	0.00	0.00	0.00	0.00	0.00	0.00	0.00	0.00	0.00	0.00
25.04.2023 11:37:00	600.00	0.37	0.38	0.39	0.39	0.39	364.43	1.73	0.01	11.78	0.24	0.06	0.02	0.20	0.20	0.23	0.27	0.28	11777579.21	0.00	22.44	995.50	42.43	1.00	0.22	1.36	25.00	->	0.54	1.91	2.38	1.88	1.69	1.61	1.06	0.37	0.10	0.05	0.03	0.02	0.03	0.02	0.01	0.01	0.01	0.00	0.00	0.01	0.00	0.00	0.00	0.00	0.00	0.00	0.00	0.00	0.00	0.00	0.00	0.00	0.00	0.00	0.00	0.00	0.00	0.00	0.00	0.00	0.00	0.00	0.00	0.00	0.00	0.00	0.00	0.00	0.00	0.00	0.00	0.00	0.00	0.00	0.00	0.00	0.00	0.00	0.00	0.00	0.00	0.00	0.00	0.00
25.04.2023 11:38:00	600.00	0.38	0.41	0.49	0.49	0.50	364.70	2.33	0.01	12.10	0.24	0.06	0.03	0.20	0.20	0.23	0.27	0.28	12102454.28	0.00	22.53	995.50	42.16	1.00	0.22	1.36	25.00	->	0.54	1.93	2.40	1.95	1.74	1.68	1.12	0.37	0.11	0.05	0.03	0.01	0.04	0.03	0.01	0.02	0.01	0.00	0.00	0.01	0.00	0.00	0.00	0.00	0.00	0.00	0.00	0.00	0.00	0.00	0.00	0.00	0.00	0.00	0.00	0.00	0.00	0.00	0.00	0.00	0.00	0.00	0.00	0.00	0.00	0.00	0.00	0.00	0.00	0.00	0.00	0.00	0.00	0.00	0.00	0.00	0.00	0.00	0.00	0.00	0.00	0.00	0.00	0.00
25.04.2023 11:39:00	600.00	0.40	0.43	0.51	0.51	0.52	365.03	3.06	0.01	12.25	0.24	0.06	0.03	0.20	0.20	0.23	0.27	0.29	12252883.85	0.00	22.62	995.50	41.93	1.00	0.22	1.36	25.00	->	0.54	1.91	2.39	2.01	1.78	1.69	1.15	0.38	0.12	0.05	0.02	0.02	0.04	0.04	0.02	0.02	0.01	0.01	0.01	0.01	0.01	0.00	0.00	0.00	0.00	0.01	0.00	0.00	0.00	0.00	0.00	0.00	0.00	0.00	0.00	0.00	0.00	0.00	0.00	0.00	0.00	0.00	0.00	0.00	0.00	0.00	0.00	0.00	0.00	0.00	0.00	0.00	0.00	0.00	0.00	0.00	0.00	0.00	0.00	0.00	0.00	0.00	0.00	0.00
25.04.2023 11:40:00	600.00	0.40	0.43	0.51	0.51	0.52	365.17	4.68	0.02	12.08	0.24	0.06	0.03	0.20	0.20	0.23	0.27	0.29	12080285.73	0.00	22.72	995.51	41.88	1.00	0.22	1.36	25.00	->	0.54	1.89	2.33	1.95	1.76	1.65	1.15	0.42	0.11	0.05	0.02	0.02	0.04	0.04	0.02	0.02	0.01	0.01	0.01	0.01	0.01	0.00	0.00	0.01	0.00	0.01	0.00	0.00	0.00	0.00	0.00	0.00	0.00	0.00	0.00	0.00	0.00	0.00	0.00	0.00	0.00	0.00	0.00	0.00	0.00	0.00	0.00	0.00	0.00	0.00	0.00	0.00	0.00	0.00	0.00	0.00	0.00	0.00	0.00	0.00	0.00	0.00	0.00	0.00
25.04.2023 11:41:00	600.00	0.39	0.43	0.51	0.51	0.52	364.60	7.53	0.03	11.89	0.24	0.07	0.03	0.20	0.20	0.23	0.27	0.29	11886046.85	0.00	22.82	995.52	41.95	1.00	0.21	1.36	25.00	->	0.53	1.86	2.27	1.93	1.72	1.63	1.12	0.40	0.13	0.05	0.01	0.02	0.04	0.04	0.02	0.03	0.01	0.01	0.01	0.01	0.01	0.00	0.00	0.01	0.00	0.01	0.00	0.00	0.00	0.00	0.00	0.00	0.00	0.00	0.00	0.00	0.00	0.00	0.00	0.00	0.00	0.00	0.00	0.00	0.00	0.00	0.00	0.00	0.00	0.00	0.00	0.00	0.00	0.00	0.00	0.00	0.00	0.00	0.00	0.00	0.00	0.00	0.00	0.00
25.04.2023 11:42:00	600.00	0.39	0.43	0.50	0.51	0.52	362.89	11.60	0.05	11.62	0.24	0.07	0.03	0.20	0.20	0.23	0.28	0.29	11624510.53	0.00	22.92	995.53	42.14	1.02	0.21	1.37	25.00	->	0.50	1.82	2.21	1.89	1.64	1.63	1.14	0.38	0.12	0.05	0.01	0.02	0.04	0.04	0.02	0.03	0.01	0.01	0.01	0.01	0.01	0.00	0.00	0.01	0.00	0.01	0.00	0.00	0.00	0.00	0.00	0.00	0.00	0.00	0.00	0.00	0.00	0.00	0.00	0.00	0.00	0.00	0.00	0.00	0.00	0.00	0.00	0.00	0.00	0.00	0.00	0.00	0.00	0.00	0.00	0.00	0.00	0.00	0.00	0.00	0.00	0.00	0.00	0.00
25.04.2023 11:43:00	600.00	0.38	0.42	0.49	0.50	0.51	360.63	16.56	0.07	11.29	0.24	0.07	0.03	0.20	0.20	0.23	0.28	0.29	11286175.96	0.00	23.01	995.54	42.50	1.12	0.20	1.37	25.00	->	0.50	1.79	2.13	1.88	1.56	1.50	1.15	0.36	0.11	0.05	0.01	0.02	0.04	0.04	0.01	0.03	0.02	0.01	0.01	0.01	0.01	0.00	0.00	0.01	0.00	0.01	0.00	0.00	0.00	0.00	0.00	0.00	0.00	0.00	0.00	0.00	0.00	0.00	0.00	0.00	0.00	0.00	0.00	0.00	0.00	0.00	0.00	0.00	0.00	0.00	0.00	0.00	0.00	0.00	0.00	0.00	0.00	0.00	0.00	0.00	0.00	0.00	0.00	0.00
25.04.2023 11:44:00	600.00	0.35	0.38	0.45	0.46	0.47	355.22	22.33	0.10	10.50	0.24	0.06	0.03	0.20	0.20	0.23	0.28	0.29	10504997.87	0.00	23.11	995.55	43.03	1.23	0.20	1.37	25.00	->	0.45	1.66	1.99	1.78	1.44	1.43	1.05	0.34	0.11	0.04	0.01	0.02	0.03	0.04	0.01	0.03	0.02	0.01	0.01	0.01	0.00	0.00	0.00	0.01	0.00	0.00	0.00	0.00	0.00	0.00	0.00	0.00	0.00	0.00	0.00	0.00	0.00	0.00	0.00	0.00	0.00	0.00	0.00	0.00	0.00	0.00	0.00	0.00	0.00	0.00	0.00	0.00	0.00	0.00	0.00	0.00	0.00	0.00	0.00	0.00	0.00	0.00	0.00	0.00
25.04.2023 11:45:00	600.00	0.32	0.35	0.43	0.43	0.44	345.98	28.77	0.13	9.62	0.24	0.07	0.03	0.20	0.20	0.23	0.28	0.29	9618255.18	0.00	23.20	995.56	43.63	1.43	0.21	1.38	25.00	->	0.38	1.51	1.88	1.63	1.31	1.32	0.91	0.34	0.11	0.03	0.01	0.02	0.03	0.03	0.01	0.03	0.02	0.01	0.01	0.01	0.00	0.00	0.00	0.00	0.00	0.01	0.00	0.00	0.00	0.00	0.00	0.00	0.00	0.00	0.00	0.00	0.00	0.00	0.00	0.00	0.00	0.00	0.00	0.00	0.00	0.00	0.00	0.00	0.00	0.00	0.00	0.00	0.00	0.00	0.00	0.00	0.00	0.00	0.00	0.00	0.00	0.00	0.00	0.00
25.04.2023 11:46:00	600.00	0.30	0.33	0.40	0.41	0.42	335.42	36.18	0.16	8.78	0.24	0.07	0.03	0.20	0.20	0.23	0.28	0.29	8779544.38	0.00	23.30	995.57	44.34	1.67	0.22	1.38	25.00	->	0.33	1.38	1.71	1.43	1.21	1.21	0.87	0.32	0.10	0.02	0.01	0.01	0.03	0.03	0.01	0.02	0.02	0.02	0.01	0.01	0.00	0.00	0.00	0.00	0.00	0.01	0.00	0.00	0.00	0.00	0.00	0.00	0.00	0.00	0.00	0.00	0.00	0.00	0.00	0.00	0.00	0.00	0.00	0.00	0.00	0.00	0.00	0.00	0.00	0.00	0.00	0.00	0.00	0.00	0.00	0.00	0.00	0.00	0.00	0.00	0.00	0.00	0.00	0.00
25.04.2023 11:47:00	600.00	0.28	0.31	0.38	0.39	0.40	324.08	44.14	0.20	8.09	0.24	0.07	0.03	0.20	0.20	0.23	0.28	0.29	8092318.78	0.00	23.39	995.57	45.12	1.97	0.24	1.38	25.00	->	0.32	1.28	1.57	1.27	1.12	1.14	0.79	0.29	0.10	0.02	0.02	0.01	0.02	0.03	0.01	0.02	0.02	0.02	0.01	0.00	0.00	0.00	0.00	0.00	0.00	0.01	0.00	0.00	0.00	0.00	0.00	0.00	0.00	0.00	0.00	0.00	0.00	0.00	0.00	0.00	0.00	0.00	0.00	0.00	0.00	0.00	0.00	0.00	0.00	0.00	0.00	0.00	0.00	0.00	0.00	0.00	0.00	0.00	0.00	0.00	0.00	0.00	0.00	0.00
25.04.2023 11:48:00	600.00	0.24	0.26	0.27	0.27	0.27	312.41	52.16	0.24	7.15	0.24	0.06	0.02	0.20	0.20	0.23	0.28	0.29	7153321.61	0.00	23.48	995.58	45.94	2.36	0.26	1.38	25.00	->	0.29	1.16	1.43	1.08	1.01	0.98	0.68	0.27	0.08	0.02	0.02	0.01	0.02	0.01	0.01	0.01	0.02	0.02	0.01	0.00	0.00	0.00	0.00	0.00	0.00	0.01	0.00	0.00	0.00	0.00	0.00	0.00	0.00	0.00	0.00	0.00	0.00	0.00	0.00	0.00	0.00	0.00	0.00	0.00	0.00	0.00	0.00	0.00	0.00	0.00	0.00	0.00	0.00	0.00	0.00	0.00	0.00	0.00	0.00	0.00	0.00	0.00	0.00	0.00
25.04.2023 11:49:00	600.00	0.21	0.23	0.24	0.24	0.24	300.39	60.64	0.27	6.22	0.24	0.06	0.02	0.20	0.20	0.23	0.28	0.29	6224089.17	0.00	23.57	995.59	46.78	2.80	0.28	1.38	25.00	->	0.24	1.04	1.22	0.90	0.89	0.87	0.58	0.24	0.08	0.02	0.02	0.01	0.02	0.01	0.01	0.01	0.03	0.01	0.00	0.00	0.00	0.00	0.00	0.00	0.00	0.00	0.00	0.00	0.00	0.00	0.00	0.00	0.00	0.00	0.00	0.00	0.00	0.00	0.00	0.00	0.00	0.00	0.00	0.00	0.00	0.00	0.00	0.00	0.00	0.00	0.00	0.00	0.00	0.00	0.00	0.00	0.00	0.00	0.00	0.00	0.00	0.00	0.00	0.00
25.04.2023 11:50:00	600.00	0.19	0.20	0.21	0.21	0.21	288.25	68.70	0.31	5.56	0.24	0.06	0.02	0.20	0.20	0.23	0.28	0.29	5563782.56	0.00	23.66	995.59	47.53	3.30	0.30	1.38	25.00	->	0.23	0.92	1.07	0.81	0.82	0.82	0.50	0.20	0.08	0.01	0.02	0.00	0.01	0.01	0.01	0.01	0.02	0.01	0.00	0.00	0.00	0.00	0.00	0.00	0.00	0.00	0.00	0.00	0.00	0.00	0.00	0.00	0.00	0.00	0.00	0.00	0.00	0.00	0.00	0.00	0.00	0.00	0.00	0.00	0.00	0.00	0.00	0.00	0.00	0.00	0.00	0.00	0.00	0.00	0.00	0.00	0.00	0.00	0.00	0.00	0.00	0.00	0.00	0.00
25.04.2023 11:51:00	600.00	0.17	0.18	0.19	0.19	0.19	276.36	75.98	0.34	5.13	0.24	0.06	0.02	0.20	0.20	0.23	0.27	0.29	5133870.72	0.00	23.74	995.59	48.23	3.89	0.33	1.38	25.00	->	0.22	0.83	0.99	0.76	0.76	0.75	0.48	0.19	0.06	0.00	0.02	0.00	0.00	0.00	0.01	0.01	0.02	0.01	0.00	0.00	0.00	0.00	0.00	0.00	0.00	0.00	0.00	0.00	0.00	0.00	0.00	0.00	0.00	0.00	0.00	0.00	0.00	0.00	0.00	0.00	0.00	0.00	0.00	0.00	0.00	0.00	0.00	0.00	0.00	0.00	0.00	0.00	0.00	0.00	0.00	0.00	0.00	0.00	0.00	0.00	0.00	0.00	0.00	0.00
25.04.2023 11:52:00	600.00	0.15	0.16	0.17	0.17	0.17	265.24	82.59	0.37	4.64	0.24	0.06	0.02	0.20	0.20	0.23	0.28	0.29	4643259.22	0.00	23.82	995.59	48.88	4.52	0.36	1.38	25.00	->	0.20	0.75	0.95	0.67	0.68	0.63	0.42	0.19	0.06	0.01	0.02	0.00	0.00	0.00	0.01	0.00	0.02	0.01	0.00	0.00	0.00	0.00	0.00	0.00	0.00	0.00	0.00	0.00	0.00	0.00	0.00	0.00	0.00	0.00	0.00	0.00	0.00	0.00	0.00	0.00	0.00	0.00	0.00	0.00	0.00	0.00	0.00	0.00	0.00	0.00	0.00	0.00	0.00	0.00	0.00	0.00	0.00	0.00	0.00	0.00	0.00	0.00	0.00	0.00
25.04.2023 11:53:00	600.00	0.13	0.14	0.15	0.15	0.15	254.19	88.83	0.40	4.08	0.24	0.06	0.02	0.20	0.20	0.23	0.27	0.29	4076905.10	0.00	23.90	995.59	49.48	5.13	0.37	1.38	25.00	->	0.18	0.65	0.84	0.55	0.63	0.59	0.34	0.16	0.06	0.00	0.02	0.00	0.00	0.00	0.01	0.00	0.02	0.01	0.00	0.00	0.00	0.00	0.00	0.00	0.00	0.00	0.00	0.00	0.00	0.00	0.00	0.00	0.00	0.00	0.00	0.00	0.00	0.00	0.00	0.00	0.00	0.00	0.00	0.00	0.00	0.00	0.00	0.00	0.00	0.00	0.00	0.00	0.00	0.00	0.00	0.00	0.00	0.00	0.00	0.00	0.00	0.00	0.00	0.00
25.04.2023 11:54:00	600.00	0.12	0.13	0.14	0.14	0.14	243.81	94.61	0.43	3.71	0.24	0.06	0.02	0.20	0.20	0.23	0.28	0.29	3714554.59	0.00	23.98	995.59	50.03	5.82	0.39	1.38	25.00	->	0.18	0.60	0.73	0.47	0.62	0.53	0.33	0.15	0.05	0.00	0.01	0.00	0.00	0.00	0.01	0.00	0.02	0.01	0.00	0.00	0.00	0.00	0.00	0.00	0.00	0.00	0.00	0.00	0.00	0.00	0.00	0.00	0.00	0.00	0.00	0.00	0.00	0.00	0.00	0.00	0.00	0.00	0.00	0.00	0.00	0.00	0.00	0.00	0.00	0.00	0.00	0.00	0.00	0.00	0.00	0.00	0.00	0.00	0.00	0.00	0.00	0.00	0.00	0.00
25.04.2023 11:55:00	600.00	0.11	0.16	0.13	0.79	1.42	233.88	99.78	0.45	3.46	0.26	0.26	1.89	0.20	0.20	0.23	0.28	0.29	3464102.55	0.00	24.05	995.59	50.56	6.49	0.42	1.38	25.00	->	0.17	0.56	0.64	0.47	0.58	0.48	0.32	0.13	0.03	0.01	0.01	0.00	0.00	0.00	0.01	0.00	0.01	0.01	0.00	0.00	0.00	0.00	0.00	0.00	0.00	0.00	0.00	0.00	0.00	0.00	0.00	0.00	0.00	0.00	0.00	0.00	0.00	0.00	0.00	0.00	0.00	0.00	0.00	0.00	0.00	0.00	0.00	0.00	0.00	0.00	0.00	0.00	0.00	0.00	0.00	0.00	0.00	0.00	0.00	0.00	0.00	0.00	0.00	0.00
25.04.2023 11:56:00	600.00	0.10	0.15	0.12	0.78	1.40	224.71	104.27	0.47	3.25	0.26	0.25	1.89	0.20	0.20	0.23	0.27	0.29	3254820.71	0.00	24.12	995.59	51.05	7.18	0.44	1.38	25.00	->	0.17	0.56	0.58	0.42	0.57	0.44	0.29	0.13	0.04	0.01	0.01	0.00	0.00	0.00	0.01	0.00	0.01	0.00	0.00	0.00	0.00	0.00	0.00	0.00	0.00	0.00	0.00	0.00	0.00	0.00	0.00	0.00	0.00	0.00	0.00	0.00	0.00	0.00	0.00	0.00	0.00	0.00	0.00	0.00	0.00	0.00	0.00	0.00	0.00	0.00	0.00	0.00	0.00	0.00	0.00	0.00	0.00	0.00	0.00	0.00	0.00	0.00	0.00	0.00
25.04.2023 11:57:00	600.00	0.09	0.13	0.10	0.77	1.39	216.12	108.15	0.49	2.89	0.26	0.25	1.89	0.20	0.20	0.23	0.28	0.29	2889039.35	0.00	24.18	995.60	51.50	7.88	0.47	1.38	25.00	->	0.14	0.51	0.54	0.37	0.50	0.38	0.26	0.11	0.03	0.01	0.01	0.00	0.00	0.00	0.00	0.00	0.00	0.00	0.00	0.00	0.00	0.00	0.00	0.00	0.00	0.00	0.00	0.00	0.00	0.00	0.00	0.00	0.00	0.00	0.00	0.00	0.00	0.00	0.00	0.00	0.00	0.00	0.00	0.00	0.00	0.00	0.00	0.00	0.00	0.00	0.00	0.00	0.00	0.00	0.00	0.00	0.00	0.00	0.00	0.00	0.00	0.00	0.00	0.00
25.04.2023 11:58:00	600.00	0.08	0.12	0.09	0.76	1.38	207.62	112.03	0.50	2.61	0.26	0.25	1.89	0.20	0.20	0.23	0.27	0.29	2610876.61	0.00	24.25	995.60	51.93	8.57	0.48	1.38	25.00	->	0.12	0.46	0.44	0.38	0.47	0.36	0.22	0.10	0.02	0.01	0.01	0.00	0.00	0.00	0.00	0.00	0.00	0.00	0.00	0.00	0.00	0.00	0.00	0.00	0.00	0.00	0.00	0.00	0.00	0.00	0.00	0.00	0.00	0.00	0.00	0.00	0.00	0.00	0.00	0.00	0.00	0.00	0.00	0.00	0.00	0.00	0.00	0.00	0.00	0.00	0.00	0.00	0.00	0.00	0.00	0.00	0.00	0.00	0.00	0.00	0.00	0.00	0.00	0.00
25.04.2023 11:59:00	600.00	0.07	0.11	0.07	0.74	1.36	199.58	115.69	0.52	2.37	0.26	0.25	1.89	0.20	0.20	0.23	0.28	0.29	2369925.40	0.00	24.31	995.60	52.34	9.27	0.50	1.38	25.00	->	0.12	0.42	0.40	0.34	0.41	0.31	0.21	0.10	0.02	0.02	0.01	0.00	0.00	0.00	0.00	0.00	0.00	0.00	0.00	0.00	0.00	0.00	0.00	0.00	0.00	0.00	0.00	0.00	0.00	0.00	0.00	0.00	0.00	0.00	0.00	0.00	0.00	0.00	0.00	0.00	0.00	0.00	0.00	0.00	0.00	0.00	0.00	0.00	0.00	0.00	0.00	0.00	0.00	0.00	0.00	0.00	0.00	0.00	0.00	0.00	0.00	0.00	0.00	0.00
25.04.2023 12:00:00	600.00	0.06	0.10	0.06	0.73	1.35	191.53	119.17	0.54	2.18	0.26	0.25	1.89	0.20	0.20	0.23	0.28	0.29	2175950.43	0.00	24.36	995.60	52.74	9.97	0.51	1.39	25.00	->	0.11	0.42	0.37	0.32	0.35	0.26	0.20	0.08	0.02	0.02	0.01	0.00	0.00	0.00	0.00	0.00	0.00	0.00	0.00	0.00	0.00	0.00	0.00	0.00	0.00	0.00	0.00	0.00	0.00	0.00	0.00	0.00	0.00	0.00	0.00	0.00	0.00	0.00	0.00	0.00	0.00	0.00	0.00	0.00	0.00	0.00	0.00	0.00	0.00	0.00	0.00	0.00	0.00	0.00	0.00	0.00	0.00	0.00	0.00	0.00	0.00	0.00	0.00	0.00
25.04.2023 12:01:00	600.00	0.05	0.09	0.05	0.72	1.34	183.97	122.44	0.55	1.89	0.26	0.25	1.89	0.20	0.20	0.23	0.27	0.29	1892773.36	0.00	24.42	995.60	53.11	10.66	0.53	1.39	25.00	->	0.10	0.38	0.34	0.26	0.30	0.21	0.17	0.06	0.02	0.02	0.01	0.00	0.00	0.00	0.00	0.00	0.00	0.00	0.00	0.00	0.00	0.00	0.00	0.00	0.00	0.00	0.00	0.00	0.00	0.00	0.00	0.00	0.00	0.00	0.00	0.00	0.00	0.00	0.00	0.00	0.00	0.00	0.00	0.00	0.00	0.00	0.00	0.00	0.00	0.00	0.00	0.00	0.00	0.00	0.00	0.00	0.00	0.00	0.00	0.00	0.00	0.00	0.00	0.00
25.04.2023 12:02:00	600.00	0.05	0.09	0.06	0.72	1.35	176.63	125.46	0.56	1.79	0.26	0.25	1.89	0.20	0.20	0.23	0.28	0.30	1787208.76	0.00	24.48	995.61	53.44	11.35	0.53	1.39	25.00	->	0.09	0.36	0.31	0.24	0.32	0.20	0.17	0.05	0.01	0.02	0.01	0.00	0.00	0.00	0.00	0.00	0.00	0.00	0.00	0.00	0.00	0.00	0.00	0.00	0.00	0.00	0.00	0.00	0.00	0.00	0.00	0.00	0.00	0.00	0.00	0.00	0.00	0.00	0.00	0.00	0.00	0.00	0.00	0.00	0.00	0.00	0.00	0.00	0.00	0.00	0.00	0.00	0.00	0.00	0.00	0.00	0.00	0.00	0.00	0.00	0.00	0.00	0.00	0.00
25.04.2023 12:03:00	600.00	0.05	0.09	0.05	0.72	1.34	172.20	128.04	0.58	1.70	0.26	0.25	1.89	0.20	0.20	0.23	0.27	0.30	1699062.31	0.00	24.54	995.62	53.76	12.04	0.57	1.39	25.00	->	0.08	0.34	0.29	0.24	0.32	0.15	0.16	0.05	0.01	0.02	0.01	0.00	0.00	0.00	0.00	0.00	0.00	0.00	0.00	0.00	0.00	0.00	0.00	0.00	0.00	0.00	0.00	0.00	0.00	0.00	0.00	0.00	0.00	0.00	0.00	0.00	0.00	0.00	0.00	0.00	0.00	0.00	0.00	0.00	0.00	0.00	0.00	0.00	0.00	0.00	0.00	0.00	0.00	0.00	0.00	0.00	0.00	0.00	0.00	0.00	0.00	0.00	0.00	0.00
25.04.2023 12:04:00	600.00	0.05	0.09	0.05	0.72	1.34	168.49	130.64	0.59	1.62	0.26	0.25	1.89	0.19	0.20	0.23	0.27	0.29	1616458.01	0.00	24.59	995.62	54.06	12.71	0.60	1.40	25.00	->	0.10	0.32	0.28	0.24	0.28	0.15	0.14	0.05	0.01	0.02	0.01	0.00	0.00	0.00	0.00	0.00	0.00	0.00	0.00	0.00	0.00	0.00	0.00	0.00	0.00	0.00	0.00	0.00	0.00	0.00	0.00	0.00	0.00	0.00	0.00	0.00	0.00	0.00	0.00	0.00	0.00	0.00	0.00	0.00	0.00	0.00	0.00	0.00	0.00	0.00	0.00	0.00	0.00	0.00	0.00	0.00	0.00	0.00	0.00	0.00	0.00	0.00	0.00	0.00
25.04.2023 12:05:00	600.00	0.04	0.05	0.05	0.05	0.05	165.10	133.04	0.60	1.51	0.24	0.06	0.02	0.19	0.20	0.23	0.27	0.29	1511421.23	0.00	24.65	995.63	54.34	13.37	0.62	1.40	25.00	->	0.10	0.31	0.28	0.22	0.25	0.14	0.12	0.04	0.01	0.01	0.01	0.00	0.00	0.00	0.00	0.00	0.00	0.00	0.00	0.00	0.00	0.00	0.00	0.00	0.00	0.00	0.00	0.00	0.00	0.00	0.00	0.00	0.00	0.00	0.00	0.00	0.00	0.00	0.00	0.00	0.00	0.00	0.00	0.00	0.00	0.00	0.00	0.00	0.00	0.00	0.00	0.00	0.00	0.00	0.00	0.00	0.00	0.00	0.00	0.00	0.00	0.00	0.00	0.00
25.04.2023 12:06:00	600.00	0.04	0.04	0.04	0.04	0.04	161.89	135.50	0.61	1.42	0.24	0.06	0.02	0.19	0.20	0.23	0.27	0.29	1419052.20	0.00	24.71	995.64	54.60	14.05	0.63	1.40	25.00	->	0.08	0.30	0.26	0.23	0.24	0.12	0.11	0.05	0.01	0.01	0.01	0.00	0.00	0.00	0.00	0.00	0.00	0.00	0.00	0.00	0.00	0.00	0.00	0.00	0.00	0.00	0.00	0.00	0.00	0.00	0.00	0.00	0.00	0.00	0.00	0.00	0.00	0.00	0.00	0.00	0.00	0.00	0.00	0.00	0.00	0.00	0.00	0.00	0.00	0.00	0.00	0.00	0.00	0.00	0.00	0.00	0.00	0.00	0.00	0.00	0.00	0.00	0.00	0.00
25.04.2023 12:07:00	600.00	0.04	0.04	0.04	0.04	0.04	158.53	137.94	0.62	1.33	0.23	0.06	0.02	0.19	0.20	0.23	0.27	0.29	1328002.72	0.00	24.76	995.65	54.84	14.75	0.64	1.40	25.00	->	0.08	0.30	0.22	0.21	0.22	0.11	0.11	0.04	0.01	0.01	0.00	0.00	0.00	0.00	0.00	0.00	0.00	0.00	0.00	0.00	0.00	0.00	0.00	0.00	0.00	0.00	0.00	0.00	0.00	0.00	0.00	0.00	0.00	0.00	0.00	0.00	0.00	0.00	0.00	0.00	0.00	0.00	0.00	0.00	0.00	0.00	0.00	0.00	0.00	0.00	0.00	0.00	0.00	0.00	0.00	0.00	0.00	0.00	0.00	0.00	0.00	0.00	0.00	0.00
25.04.2023 12:08:00	600.00	0.03	0.04	0.04	0.04	0.04	155.61	140.02	0.63	1.25	0.23	0.06	0.02	0.19	0.20	0.23	0.27	0.29	1253051.85	0.00	24.82	995.66	55.07	15.46	0.64	1.40	25.00	->	0.08	0.28	0.22	0.19	0.21	0.10	0.10	0.04	0.01	0.01	0.00	0.00	0.00	0.00	0.00	0.00	0.00	0.00	0.00	0.00	0.00	0.00	0.00	0.00	0.00	0.00	0.00	0.00	0.00	0.00	0.00	0.00	0.00	0.00	0.00	0.00	0.00	0.00	0.00	0.00	0.00	0.00	0.00	0.00	0.00	0.00	0.00	0.00	0.00	0.00	0.00	0.00	0.00	0.00	0.00	0.00	0.00	0.00	0.00	0.00	0.00	0.00	0.00	0.00
25.04.2023 12:09:00	600.00	0.03	0.04	0.04	0.04	0.04	152.82	141.96	0.64	1.19	0.23	0.06	0.02	0.19	0.20	0.23	0.27	0.29	1190240.91	0.00	24.88	995.67	55.28	16.21	0.63	1.40	25.00	->	0.08	0.27	0.22	0.17	0.21	0.10	0.08	0.04	0.01	0.01	0.00	0.00	0.00	0.00	0.00	0.00	0.00	0.00	0.00	0.00	0.00	0.00	0.00	0.00	0.00	0.00	0.00	0.00	0.00	0.00	0.00	0.00	0.00	0.00	0.00	0.00	0.00	0.00	0.00	0.00	0.00	0.00	0.00	0.00	0.00	0.00	0.00	0.00	0.00	0.00	0.00	0.00	0.00	0.00	0.00	0.00	0.00	0.00	0.00	0.00	0.00	0.00	0.00	0.00
25.04.2023 12:10:00	600.00	0.03	0.06	0.12	0.20	0.24	150.04	143.95	0.65	1.13	0.25	0.14	0.40	0.19	0.20	0.23	0.33	0.40	1125582.59	0.00	24.95	995.68	55.46	17.00	0.64	1.39	25.00	->	0.09	0.24	0.21	0.16	0.21	0.09	0.07	0.03	0.01	0.00	0.00	0.01	0.00	0.00	0.00	0.00	0.00	0.00	0.00	0.00	0.00	0.00	0.00	0.00	0.00	0.00	0.00	0.00	0.00	0.00	0.00	0.00	0.00	0.00	0.00	0.00	0.00	0.00	0.00	0.00	0.00	0.00	0.00	0.00	0.00	0.00	0.00	0.00	0.00	0.00	0.00	0.00	0.00	0.00	0.00	0.00	0.00	0.00	0.00	0.00	0.00	0.00	0.00	0.00
25.04.2023 12:11:00	600.00	0.03	0.06	0.12	0.19	0.24	147.50	145.75	0.65	1.08	0.25	0.14	0.40	0.19	0.20	0.23	0.33	0.40	1079398.08	0.00	25.00	995.69	55.64	17.79	0.64	1.39	25.00	->	0.09	0.22	0.20	0.16	0.20	0.09	0.07	0.02	0.01	0.00	0.00	0.01	0.00	0.00	0.00	0.00	0.00	0.00	0.00	0.00	0.00	0.00	0.00	0.00	0.00	0.00	0.00	0.00	0.00	0.00	0.00	0.00	0.00	0.00	0.00	0.00	0.00	0.00	0.00	0.00	0.00	0.00	0.00	0.00	0.00	0.00	0.00	0.00	0.00	0.00	0.00	0.00	0.00	0.00	0.00	0.00	0.00	0.00	0.00	0.00	0.00	0.00	0.00	0.00
25.04.2023 12:12:00	600.00	0.03	0.05	0.11	0.19	0.23	145.14	147.38	0.66	1.01	0.25	0.14	0.39	0.20	0.20	0.22	0.33	0.40	1008669.79	0.00	25.05	995.69	55.82	18.62	0.64	1.39	25.00	->	0.08	0.22	0.19	0.15	0.17	0.08	0.06	0.02	0.01	0.00	0.00	0.01	0.00	0.00	0.00	0.00	0.00	0.00	0.00	0.00	0.00	0.00	0.00	0.00	0.00	0.00	0.00	0.00	0.00	0.00	0.00	0.00	0.00	0.00	0.00	0.00	0.00	0.00	0.00	0.00	0.00	0.00	0.00	0.00	0.00	0.00	0.00	0.00	0.00	0.00	0.00	0.00	0.00	0.00	0.00	0.00	0.00	0.00	0.00	0.00	0.00	0.00	0.00	0.00
25.04.2023 12:13:00	600.00	0.03	0.05	0.11	0.19	0.23	140.38	148.95	0.67	0.95	0.25	0.14	0.39	0.19	0.20	0.22	0.34	0.41	946650.59	0.00	25.10	995.69	55.98	19.49	0.65	1.39	25.00	->	0.08	0.20	0.19	0.14	0.14	0.08	0.06	0.02	0.01	0.00	0.00	0.01	0.00	0.00	0.00	0.00	0.00	0.00	0.00	0.00	0.00	0.00	0.00	0.00	0.00	0.00	0.00	0.00	0.00	0.00	0.00	0.00	0.00	0.00	0.00	0.00	0.00	0.00	0.00	0.00	0.00	0.00	0.00	0.00	0.00	0.00	0.00	0.00	0.00	0.00	0.00	0.00	0.00	0.00	0.00	0.00	0.00	0.00	0.00	0.00	0.00	0.00	0.00	0.00
25.04.2023 12:14:00	600.00	0.02	0.05	0.11	0.19	0.23	135.25	150.44	0.68	0.85	0.25	0.14	0.39	0.20	0.20	0.22	0.34	0.40	854809.38	0.00	25.15	995.70	56.14	20.37	0.65	1.38	25.00	->	0.07	0.19	0.17	0.13	0.13	0.07	0.05	0.02	0.01	0.00	0.00	0.01	0.00	0.00	0.00	0.00	0.00	0.00	0.00	0.00	0.00	0.00	0.00	0.00	0.00	0.00	0.00	0.00	0.00	0.00	0.00	0.00	0.00	0.00	0.00	0.00	0.00	0.00	0.00	0.00	0.00	0.00	0.00	0.00	0.00	0.00	0.00	0.00	0.00	0.00	0.00	0.00	0.00	0.00	0.00	0.00	0.00	0.00	0.00	0.00	0.00	0.00	0.00	0.00
25.04.2023 12:15:00	600.00	0.02	0.05	0.11	0.19	0.23	130.37	152.08	0.68	0.81	0.25	0.14	0.39	0.20	0.20	0.22	0.34	0.41	807305.31	0.00	25.19	995.70	56.30	21.25	0.66	1.38	25.00	->	0.06	0.18	0.16	0.12	0.12	0.07	0.05	0.01	0.01	0.00	0.00	0.01	0.00	0.00	0.00	0.00	0.00	0.00	0.00	0.00	0.00	0.00	0.00	0.00	0.00	0.00	0.00	0.00	0.00	0.00	0.00	0.00	0.00	0.00	0.00	0.00	0.00	0.00	0.00	0.00	0.00	0.00	0.00	0.00	0.00	0.00	0.00	0.00	0.00	0.00	0.00	0.00	0.00	0.00	0.00	0.00	0.00	0.00	0.00	0.00	0.00	0.00	0.00	0.00
25.04.2023 12:16:00	600.00	0.02	0.05	0.11	0.18	0.22	125.70	153.40	0.69	0.71	0.25	0.14	0.40	0.20	0.20	0.22	0.35	0.41	709658.05	0.00	25.23	995.70	56.45	22.13	0.68	1.38	25.00	->	0.06	0.14	0.15	0.12	0.09	0.06	0.04	0.00	0.02	0.00	0.00	0.01	0.00	0.00	0.00	0.00	0.00	0.00	0.00	0.00	0.00	0.00	0.00	0.00	0.00	0.00	0.00	0.00	0.00	0.00	0.00	0.00	0.00	0.00	0.00	0.00	0.00	0.00	0.00	0.00	0.00	0.00	0.00	0.00	0.00	0.00	0.00	0.00	0.00	0.00	0.00	0.00	0.00	0.00	0.00	0.00	0.00	0.00	0.00	0.00	0.00	0.00	0.00	0.00
25.04.2023 12:17:00	600.00	0.02	0.05	0.11	0.18	0.22	121.55	154.75	0.69	0.73	0.25	0.15	0.40	0.20	0.20	0.22	0.35	0.41	729187.50	0.00	25.28	995.71	56.59	22.93	0.69	1.38	25.00	->	0.07	0.15	0.15	0.12	0.09	0.06	0.03	0.01	0.02	0.00	0.00	0.01	0.00	0.00	0.00	0.00	0.00	0.00	0.00	0.00	0.00	0.00	0.00	0.00	0.00	0.00	0.00	0.00	0.00	0.00	0.00	0.00	0.00	0.00	0.00	0.00	0.00	0.00	0.00	0.00	0.00	0.00	0.00	0.00	0.00	0.00	0.00	0.00	0.00	0.00	0.00	0.00	0.00	0.00	0.00	0.00	0.00	0.00	0.00	0.00	0.00	0.00	0.00	0.00
25.04.2023 12:18:00	600.00	0.02	0.05	0.11	0.18	0.22	117.81	156.22	0.70	0.71	0.25	0.14	0.39	0.20	0.20	0.22	0.34	0.41	709130.23	0.00	25.32	995.72	56.72	23.68	0.73	1.38	25.00	->	0.08	0.17	0.14	0.11	0.07	0.06	0.03	0.01	0.01	0.00	0.00	0.01	0.00	0.00	0.00	0.00	0.00	0.00	0.00	0.00	0.00	0.00	0.00	0.00	0.00	0.00	0.00	0.00	0.00	0.00	0.00	0.00	0.00	0.00	0.00	0.00	0.00	0.00	0.00	0.00	0.00	0.00	0.00	0.00	0.00	0.00	0.00	0.00	0.00	0.00	0.00	0.00	0.00	0.00	0.00	0.00	0.00	0.00	0.00	0.00	0.00	0.00	0.00	0.00
25.04.2023 12:19:00	600.00	0.02	0.05	0.11	0.18	0.22	114.09	157.53	0.71	0.74	0.25	0.14	0.39	0.20	0.20	0.22	0.34	0.40	740271.78	0.00	25.36	995.73	56.85	24.40	0.77	1.37	25.00	->	0.07	0.18	0.16	0.13	0.07	0.05	0.03	0.01	0.02	0.00	0.00	0.00	0.00	0.00	0.00	0.00	0.00	0.00	0.00	0.00	0.00	0.00	0.00	0.00	0.00	0.00	0.00	0.00	0.00	0.00	0.00	0.00	0.00	0.00	0.00	0.00	0.00	0.00	0.00	0.00	0.00	0.00	0.00	0.00	0.00	0.00	0.00	0.00	0.00	0.00	0.00	0.00	0.00	0.00	0.00	0.00	0.00	0.00	0.00	0.00	0.00	0.00	0.00	0.00
25.04.2023 12:20:00	600.00	0.02	0.02	0.02	0.02	0.02	110.65	158.55	0.71	0.69	0.23	0.06	0.02	0.20	0.20	0.22	0.27	0.28	691184.24	0.00	25.40	995.74	56.97	25.03	0.79	1.37	25.00	->	0.06	0.19	0.16	0.12	0.06	0.04	0.03	0.01	0.02	0.00	0.00	0.00	0.00	0.00	0.00	0.00	0.00	0.00	0.00	0.00	0.00	0.00	0.00	0.00	0.00	0.00	0.00	0.00	0.00	0.00	0.00	0.00	0.00	0.00	0.00	0.00	0.00	0.00	0.00	0.00	0.00	0.00	0.00	0.00	0.00	0.00	0.00	0.00	0.00	0.00	0.00	0.00	0.00	0.00	0.00	0.00	0.00	0.00	0.00	0.00	0.00	0.00	0.00	0.00
25.04.2023 12:21:00	600.00	0.02	0.04	0.10	0.17	0.21	107.42	159.48	0.72	0.73	0.24	0.12	0.32	0.20	0.20	0.22	0.28	0.39	728131.85	0.00	25.44	995.75	57.08	25.66	0.80	1.37	25.00	->	0.06	0.21	0.16	0.12	0.07	0.04	0.02	0.01	0.02	0.00	0.00	0.00	0.00	0.00	0.00	0.00	0.00	0.00	0.00	0.00	0.00	0.00	0.00	0.00	0.00	0.00	0.00	0.00	0.00	0.00	0.00	0.00	0.00	0.00	0.00	0.00	0.00	0.00	0.00	0.00	0.00	0.00	0.00	0.00	0.00	0.00	0.00	0.00	0.00	0.00	0.00	0.00	0.00	0.00	0.00	0.00	0.00	0.00	0.00	0.00	0.00	0.00	0.00	0.00
25.04.2023 12:22:00	600.00	0.02	0.04	0.10	0.17	0.21	104.45	160.65	0.72	0.70	0.24	0.12	0.32	0.20	0.20	0.22	0.28	0.38	699101.59	0.00	25.48	995.77	57.19	26.19	0.82	1.37	25.00	->	0.06	0.21	0.15	0.11	0.06	0.04	0.02	0.01	0.02	0.00	0.00	0.00	0.00	0.00	0.00	0.00	0.00	0.00	0.00	0.00	0.00	0.00	0.00	0.00	0.00	0.00	0.00	0.00	0.00	0.00	0.00	0.00	0.00	0.00	0.00	0.00	0.00	0.00	0.00	0.00	0.00	0.00	0.00	0.00	0.00	0.00	0.00	0.00	0.00	0.00	0.00	0.00	0.00	0.00	0.00	0.00	0.00	0.00	0.00	0.00	0.00	0.00	0.00	0.00
25.04.2023 12:23:00	600.00	0.01	0.04	0.09	0.17	0.21	101.63	161.79	0.73	0.68	0.24	0.12	0.32	0.20	0.20	0.22	0.27	0.37	681155.61	0.00	25.52	995.79	57.30	26.71	0.79	1.37	25.00	->	0.06	0.21	0.14	0.11	0.06	0.04	0.02	0.01	0.02	0.00	0.00	0.00	0.00	0.00	0.00	0.00	0.00	0.00	0.00	0.00	0.00	0.00	0.00	0.00	0.00	0.00	0.00	0.00	0.00	0.00	0.00	0.00	0.00	0.00	0.00	0.00	0.00	0.00	0.00	0.00	0.00	0.00	0.00	0.00	0.00	0.00	0.00	0.00	0.00	0.00	0.00	0.00	0.00	0.00	0.00	0.00	0.00	0.00	0.00	0.00	0.00	0.00	0.00	0.00
25.04.2023 12:24:00	600.00	0.01	0.04	0.09	0.17	0.21	99.08	162.81	0.73	0.69	0.24	0.12	0.32	0.20	0.20	0.22	0.27	0.37	691975.98	0.00	25.56	995.81	57.40	27.15	0.80	1.37	25.00	->	0.07	0.21	0.16	0.10	0.07	0.04	0.01	0.01	0.02	0.00	0.00	0.00	0.00	0.00	0.00	0.00	0.00	0.00	0.00	0.00	0.00	0.00	0.00	0.00	0.00	0.00	0.00	0.00	0.00	0.00	0.00	0.00	0.00	0.00	0.00	0.00	0.00	0.00	0.00	0.00	0.00	0.00	0.00	0.00	0.00	0.00	0.00	0.00	0.00	0.00	0.00	0.00	0.00	0.00	0.00	0.00	0.00	0.00	0.00	0.00	0.00	0.00	0.00	0.00
25.04.2023 12:25:00	600.00	0.01	0.04	0.09	0.16	0.20	96.72	163.68	0.73	0.68	0.23	0.12	0.32	0.20	0.20	0.22	0.26	0.36	680627.78	0.00	25.60	995.83	57.49	27.61	0.81	1.37	25.00	->	0.06	0.23	0.16	0.09	0.07	0.04	0.01	0.01	0.01	0.00	0.00	0.00	0.00	0.00	0.00	0.00	0.00	0.00	0.00	0.00	0.00	0.00	0.00	0.00	0.00	0.00	0.00	0.00	0.00	0.00	0.00	0.00	0.00	0.00	0.00	0.00	0.00	0.00	0.00	0.00	0.00	0.00	0.00	0.00	0.00	0.00	0.00	0.00	0.00	0.00	0.00	0.00	0.00	0.00	0.00	0.00	0.00	0.00	0.00	0.00	0.00	0.00	0.00	0.00
25.04.2023 12:26:00	600.00	0.01	0.03	0.09	0.16	0.20	94.25	164.56	0.74	0.67	0.23	0.12	0.32	0.19	0.20	0.21	0.25	0.35	665848.74	0.00	25.64	995.85	57.57	28.02	0.81	1.37	25.00	->	0.07	0.25	0.15	0.07	0.07	0.04	0.01	0.01	0.00	0.00	0.00	0.00	0.00	0.00	0.00	0.00	0.00	0.00	0.00	0.00	0.00	0.00	0.00	0.00	0.00	0.00	0.00	0.00	0.00	0.00	0.00	0.00	0.00	0.00	0.00	0.00	0.00	0.00	0.00	0.00	0.00	0.00	0.00	0.00	0.00	0.00	0.00	0.00	0.00	0.00	0.00	0.00	0.00	0.00	0.00	0.00	0.00	0.00	0.00	0.00	0.00	0.00	0.00	0.00
25.04.2023 12:27:00	600.00	0.01	0.03	0.09	0.16	0.20	91.66	165.37	0.74	0.63	0.23	0.12	0.32	0.19	0.20	0.21	0.25	0.35	626262.01	0.00	25.68	995.86	57.64	28.45	0.81	1.37	25.00	->	0.06	0.25	0.13	0.08	0.05	0.03	0.01	0.00	0.00	0.00	0.00	0.00	0.00	0.00	0.00	0.00	0.00	0.00	0.00	0.00	0.00	0.00	0.00	0.00	0.00	0.00	0.00	0.00	0.00	0.00	0.00	0.00	0.00	0.00	0.00	0.00	0.00	0.00	0.00	0.00	0.00	0.00	0.00	0.00	0.00	0.00	0.00	0.00	0.00	0.00	0.00	0.00	0.00	0.00	0.00	0.00	0.00	0.00	0.00	0.00	0.00	0.00	0.00	0.00
25.04.2023 12:28:00	600.00	0.01	0.03	0.09	0.16	0.20	89.15	165.94	0.74	0.61	0.23	0.12	0.32	0.20	0.20	0.22	0.26	0.36	611746.88	0.00	25.72	995.87	57.71	28.90	0.81	1.37	25.00	->	0.05	0.23	0.12	0.09	0.06	0.03	0.01	0.01	0.00	0.00	0.00	0.00	0.00	0.00	0.00	0.00	0.00	0.00	0.00	0.00	0.00	0.00	0.00	0.00	0.00	0.00	0.00	0.00	0.00	0.00	0.00	0.00	0.00	0.00	0.00	0.00	0.00	0.00	0.00	0.00	0.00	0.00	0.00	0.00	0.00	0.00	0.00	0.00	0.00	0.00	0.00	0.00	0.00	0.00	0.00	0.00	0.00	0.00	0.00	0.00	0.00	0.00	0.00	0.00
25.04.2023 12:29:00	600.00	0.01	0.03	0.09	0.16	0.20	86.86	166.48	0.75	0.56	0.23	0.12	0.32	0.19	0.20	0.22	0.26	0.36	564242.81	0.00	25.76	995.88	57.78	29.31	0.82	1.37	25.00	->	0.06	0.22	0.10	0.07	0.05	0.03	0.01	0.01	0.00	0.00	0.00	0.00	0.00	0.00	0.00	0.00	0.00	0.00	0.00	0.00	0.00	0.00	0.00	0.00	0.00	0.00	0.00	0.00	0.00	0.00	0.00	0.00	0.00	0.00	0.00	0.00	0.00	0.00	0.00	0.00	0.00	0.00	0.00	0.00	0.00	0.00	0.00	0.00	0.00	0.00	0.00	0.00	0.00	0.00	0.00	0.00	0.00	0.00	0.00	0.00	0.00	0.00	0.00	0.00
25.04.2023 12:30:00	600.00	0.01	0.03	0.09	0.16	0.20	84.87	167.16	0.75	0.58	0.23	0.12	0.32	0.19	0.20	0.22	0.26	0.36	575063.18	0.00	25.79	995.89	57.85	29.80	0.83	1.37	25.00	->	0.07	0.22	0.10	0.08	0.05	0.03	0.01	0.01	0.00	0.00	0.00	0.00	0.00	0.00	0.00	0.00	0.00	0.00	0.00	0.00	0.00	0.00	0.00	0.00	0.00	0.00	0.00	0.00	0.00	0.00	0.00	0.00	0.00	0.00	0.00	0.00	0.00	0.00	0.00	0.00	0.00	0.00	0.00	0.00	0.00	0.00	0.00	0.00	0.00	0.00	0.00	0.00	0.00	0.00	0.00	0.00	0.00	0.00	0.00	0.00	0.00	0.00	0.00	0.00
25.04.2023 12:31:00	600.00	0.01	0.01	0.01	0.01	0.01	82.86	167.79	0.75	0.53	0.22	0.05	0.01	0.20	0.20	0.22	0.25	0.26	526239.55	0.00	25.83	995.90	57.92	30.20	0.85	1.37	25.00	->	0.06	0.20	0.09	0.08	0.04	0.03	0.02	0.01	0.00	0.00	0.00	0.00	0.00	0.00	0.00	0.00	0.00	0.00	0.00	0.00	0.00	0.00	0.00	0.00	0.00	0.00	0.00	0.00	0.00	0.00	0.00	0.00	0.00	0.00	0.00	0.00	0.00	0.00	0.00	0.00	0.00	0.00	0.00	0.00	0.00	0.00	0.00	0.00	0.00	0.00	0.00	0.00	0.00	0.00	0.00	0.00	0.00	0.00	0.00	0.00	0.00	0.00	0.00	0.00
25.04.2023 12:32:00	600.00	0.01	0.01	0.01	0.01	0.01	80.94	168.19	0.75	0.52	0.22	0.05	0.01	0.20	0.20	0.22	0.25	0.26	518850.03	0.00	25.86	995.90	57.98	30.69	0.84	1.37	25.00	->	0.06	0.19	0.09	0.07	0.05	0.02	0.01	0.01	0.00	0.00	0.00	0.00	0.01	0.00	0.00	0.00	0.00	0.00	0.00	0.00	0.00	0.00	0.00	0.00	0.00	0.00	0.00	0.00	0.00	0.00	0.00	0.00	0.00	0.00	0.00	0.00	0.00	0.00	0.00	0.00	0.00	0.00	0.00	0.00	0.00	0.00	0.00	0.00	0.00	0.00	0.00	0.00	0.00	0.00	0.00	0.00	0.00	0.00	0.00	0.00	0.00	0.00	0.00	0.00
25.04.2023 12:33:00	600.00	0.01	0.01	0.01	0.01	0.01	79.02	168.69	0.76	0.51	0.22	0.05	0.01	0.19	0.20	0.22	0.26	0.26	505390.54	0.00	25.89	995.90	58.03	31.10	0.84	1.37	25.00	->	0.06	0.19	0.08	0.06	0.05	0.01	0.02	0.01	0.00	0.00	0.00	0.00	0.01	0.00	0.00	0.00	0.00	0.00	0.00	0.00	0.00	0.00	0.00	0.00	0.00	0.00	0.00	0.00	0.00	0.00	0.00	0.00	0.00	0.00	0.00	0.00	0.00	0.00	0.00	0.00	0.00	0.00	0.00	0.00	0.00	0.00	0.00	0.00	0.00	0.00	0.00	0.00	0.00	0.00	0.00	0.00	0.00	0.00	0.00	0.00	0.00	0.00	0.00	0.00
25.04.2023 12:34:00	600.00	0.01	0.01	0.01	0.01	0.01	76.97	169.12	0.76	0.46	0.22	0.05	0.01	0.20	0.20	0.22	0.25	0.26	460261.67	0.00	25.93	995.90	58.08	31.56	0.83	1.37	25.00	->	0.05	0.20	0.07	0.05	0.04	0.01	0.01	0.01	0.00	0.00	0.00	0.00	0.01	0.00	0.00	0.00	0.00	0.00	0.00	0.00	0.00	0.00	0.00	0.00	0.00	0.00	0.00	0.00	0.00	0.00	0.00	0.00	0.00	0.00	0.00	0.00	0.00	0.00	0.00	0.00	0.00	0.00	0.00	0.00	0.00	0.00	0.00	0.00	0.00	0.00	0.00	0.00	0.00	0.00	0.00	0.00	0.00	0.00	0.00	0.00	0.00	0.00	0.00	0.00
25.04.2023 12:35:00	600.00	0.01	0.01	0.01	0.01	0.01	74.98	169.52	0.76	0.47	0.22	0.05	0.01	0.20	0.20	0.23	0.26	0.26	470554.22	0.00	25.96	995.90	58.12	32.00	0.82	1.37	25.00	->	0.04	0.19	0.06	0.06	0.05	0.02	0.01	0.01	0.00	0.00	0.00	0.00	0.01	0.00	0.00	0.00	0.00	0.00	0.00	0.00	0.00	0.00	0.00	0.00	0.00	0.00	0.00	0.00	0.00	0.00	0.00	0.00	0.00	0.00	0.00	0.00	0.00	0.00	0.00	0.00	0.00	0.00	0.00	0.00	0.00	0.00	0.00	0.00	0.00	0.00	0.00	0.00	0.00	0.00	0.00	0.00	0.00	0.00	0.00	0.00	0.00	0.00	0.00	0.00
25.04.2023 12:36:00	600.00	0.01	0.01	0.01	0.01	0.01	73.30	169.85	0.76	0.44	0.23	0.05	0.01	0.20	0.20	0.23	0.26	0.26	443107.43	0.00	26.00	995.91	58.18	32.45	0.81	1.37	25.00	->	0.04	0.17	0.07	0.07	0.04	0.02	0.01	0.01	0.00	0.00	0.00	0.00	0.01	0.00	0.00	0.00	0.00	0.00	0.00	0.00	0.00	0.00	0.00	0.00	0.00	0.00	0.00	0.00	0.00	0.00	0.00	0.00	0.00	0.00	0.00	0.00	0.00	0.00	0.00	0.00	0.00	0.00	0.00	0.00	0.00	0.00	0.00	0.00	0.00	0.00	0.00	0.00	0.00	0.00	0.00	0.00	0.00	0.00	0.00	0.00	0.00	0.00	0.00	0.00
25.04.2023 12:37:00	600.00	0.01	0.01	0.01	0.01	0.01	71.90	170.27	0.76	0.44	0.23	0.05	0.01	0.20	0.20	0.22	0.26	0.27	442051.78	0.00	26.03	995.92	58.22	32.91	0.81	1.37	25.00	->	0.03	0.16	0.08	0.06	0.04	0.02	0.01	0.02	0.00	0.00	0.00	0.00	0.00	0.00	0.00	0.00	0.00	0.00	0.00	0.00	0.00	0.00	0.00	0.00	0.00	0.00	0.00	0.00	0.00	0.00	0.00	0.00	0.00	0.00	0.00	0.00	0.00	0.00	0.00	0.00	0.00	0.00	0.00	0.00	0.00	0.00	0.00	0.00	0.00	0.00	0.00	0.00	0.00	0.00	0.00	0.00	0.00	0.00	0.00	0.00	0.00	0.00	0.00	0.00
25.04.2023 12:38:00	600.00	0.01	0.01	0.01	0.01	0.01	70.50	170.64	0.76	0.43	0.22	0.05	0.01	0.20	0.20	0.22	0.26	0.26	427272.73	0.00	26.06	995.93	58.27	33.33	0.82	1.37	25.00	->	0.03	0.17	0.08	0.05	0.04	0.02	0.01	0.01	0.00	0.00	0.00	0.00	0.00	0.00	0.00	0.00	0.00	0.00	0.00	0.00	0.00	0.00	0.00	0.00	0.00	0.00	0.00	0.00	0.00	0.00	0.00	0.00	0.00	0.00	0.00	0.00	0.00	0.00	0.00	0.00	0.00	0.00	0.00	0.00	0.00	0.00	0.00	0.00	0.00	0.00	0.00	0.00	0.00	0.00	0.00	0.00	0.00	0.00	0.00	0.00	0.00	0.00	0.00	0.00
25.04.2023 12:39:00	600.00	0.01	0.01	0.01	0.01	0.01	69.11	171.31	0.77	0.41	0.22	0.05	0.01	0.20	0.20	0.22	0.25	0.26	405104.17	0.00	26.09	995.94	58.30	33.82	0.81	1.37	25.00	->	0.03	0.17	0.07	0.05	0.04	0.02	0.01	0.01	0.00	0.00	0.00	0.00	0.00	0.00	0.00	0.00	0.00	0.00	0.00	0.00	0.00	0.00	0.00	0.00	0.00	0.00	0.00	0.00	0.00	0.00	0.00	0.00	0.00	0.00	0.00	0.00	0.00	0.00	0.00	0.00	0.00	0.00	0.00	0.00	0.00	0.00	0.00	0.00	0.00	0.00	0.00	0.00	0.00	0.00	0.00	0.00	0.00	0.00	0.00	0.00	0.00	0.00	0.00	0.00
25.04.2023 12:40:00	600.00	0.01	0.01	0.01	0.01	0.01	67.75	171.92	0.77	0.38	0.22	0.05	0.01	0.20	0.20	0.22	0.25	0.25	379504.75	0.00	26.13	995.95	58.32	34.22	0.80	1.37	25.00	->	0.03	0.17	0.06	0.04	0.03	0.02	0.01	0.01	0.00	0.00	0.00	0.00	0.00	0.00	0.00	0.00	0.00	0.00	0.00	0.00	0.00	0.00	0.00	0.00	0.00	0.00	0.00	0.00	0.00	0.00	0.00	0.00	0.00	0.00	0.00	0.00	0.00	0.00	0.00	0.00	0.00	0.00	0.00	0.00	0.00	0.00	0.00	0.00	0.00	0.00	0.00	0.00	0.00	0.00	0.00	0.00	0.00	0.00	0.00	0.00	0.00	0.00	0.00	0.00
25.04.2023 12:41:00	600.00	0.01	0.01	0.01	0.01	0.01	66.47	172.74	0.77	0.38	0.22	0.05	0.01	0.20	0.20	0.22	0.25	0.25	376601.73	0.00	26.16	995.96	58.35	34.71	0.80	1.37	25.00	->	0.03	0.17	0.05	0.04	0.03	0.02	0.00	0.01	0.00	0.00	0.00	0.00	0.00	0.00	0.00	0.00	0.00	0.00	0.00	0.00	0.00	0.00	0.00	0.00	0.00	0.00	0.00	0.00	0.00	0.00	0.00	0.00	0.00	0.00	0.00	0.00	0.00	0.00	0.00	0.00	0.00	0.00	0.00	0.00	0.00	0.00	0.00	0.00	0.00	0.00	0.00	0.00	0.00	0.00	0.00	0.00	0.00	0.00	0.00	0.00	0.00	0.00	0.00	0.00
25.04.2023 12:42:00	600.00	0.01	0.01	0.01	0.01	0.01	65.26	173.50	0.78	0.38	0.22	0.05	0.01	0.20	0.20	0.22	0.25	0.26	379768.66	0.00	26.19	995.97	58.37	35.12	0.83	1.37	25.00	->	0.04	0.16	0.06	0.05	0.03	0.03	0.00	0.01	0.00	0.00	0.00	0.00	0.00	0.00	0.00	0.00	0.00	0.00	0.00	0.00	0.00	0.00	0.00	0.00	0.00	0.00	0.00	0.00	0.00	0.00	0.00	0.00	0.00	0.00	0.00	0.00	0.00	0.00	0.00	0.00	0.00	0.00	0.00	0.00	0.00	0.00	0.00	0.00	0.00	0.00	0.00	0.00	0.00	0.00	0.00	0.00	0.00	0.00	0.00	0.00	0.00	0.00	0.00	0.00
25.04.2023 12:43:00	600.00	0.01	0.01	0.01	0.01	0.01	64.08	174.24	0.78	0.41	0.22	0.05	0.01	0.20	0.20	0.22	0.25	0.26	406423.73	0.00	26.23	995.98	58.40	35.53	0.87	1.37	25.00	->	0.05	0.16	0.06	0.06	0.03	0.04	0.00	0.00	0.00	0.00	0.00	0.00	0.00	0.00	0.00	0.00	0.00	0.00	0.00	0.00	0.00	0.00	0.00	0.00	0.00	0.00	0.00	0.00	0.00	0.00	0.00	0.00	0.00	0.00	0.00	0.00	0.00	0.00	0.00	0.00	0.00	0.00	0.00	0.00	0.00	0.00	0.00	0.00	0.00	0.00	0.00	0.00	0.00	0.00	0.00	0.00	0.00	0.00	0.00	0.00	0.00	0.00	0.00	0.00
25.04.2023 12:44:00	600.00	0.01	0.03	0.07	0.24	0.33	63.05	175.22	0.78	0.43	0.27	0.35	1.65	0.20	0.20	0.26	0.40	0.41	426481.00	0.00	26.26	995.99	58.42	35.97	0.91	1.37	25.00	->	0.05	0.17	0.06	0.06	0.03	0.03	0.00	0.00	0.00	0.00	0.00	0.00	0.00	0.00	0.00	0.00	0.00	0.00	0.00	0.00	0.00	0.00	0.00	0.00	0.00	0.00	0.00	0.00	0.00	0.00	0.00	0.00	0.00	0.00	0.00	0.00	0.00	0.00	0.00	0.00	0.00	0.00	0.00	0.00	0.00	0.00	0.00	0.00	0.00	0.00	0.00	0.00	0.00	0.00	0.00	0.00	0.00	0.00	0.00	0.00	0.00	0.00	0.00	0.00
25.04.2023 12:45:00	600.00	0.01	0.03	0.07	0.24	0.33	62.07	176.11	0.79	0.41	0.27	0.35	1.65	0.20	0.20	0.26	0.40	0.40	407479.37	0.00	26.29	996.00	58.45	36.37	0.93	1.37	25.00	->	0.06	0.16	0.07	0.05	0.02	0.02	0.00	0.00	0.00	0.00	0.00	0.00	0.00	0.00	0.00	0.00	0.00	0.00	0.00	0.00	0.00	0.00	0.00	0.00	0.00	0.00	0.00	0.00	0.00	0.00	0.00	0.00	0.00	0.00	0.00	0.00	0.00	0.00	0.00	0.00	0.00	0.00	0.00	0.00	0.00	0.00	0.00	0.00	0.00	0.00	0.00	0.00	0.00	0.00	0.00	0.00	0.00	0.00	0.00	0.00	0.00	0.00	0.00	0.00
25.04.2023 12:46:00	600.00	0.01	0.03	0.07	0.24	0.33	61.12	177.39	0.79	0.43	0.27	0.35	1.65	0.20	0.20	0.26	0.39	0.40	433078.79	0.00	26.32	996.00	58.47	36.72	0.95	1.37	25.00	->	0.07	0.18	0.07	0.05	0.03	0.02	0.00	0.00	0.00	0.00	0.00	0.00	0.00	0.00	0.00	0.00	0.00	0.00	0.00	0.00	0.00	0.00	0.00	0.00	0.00	0.00	0.00	0.00	0.00	0.00	0.00	0.00	0.00	0.00	0.00	0.00	0.00	0.00	0.00	0.00	0.00	0.00	0.00	0.00	0.00	0.00	0.00	0.00	0.00	0.00	0.00	0.00	0.00	0.00	0.00	0.00	0.00	0.00	0.00	0.00	0.00	0.00	0.00	0.00
25.04.2023 12:47:00	600.00	0.01	0.03	0.07	0.24	0.33	60.17	178.47	0.80	0.41	0.27	0.35	1.65	0.20	0.20	0.26	0.39	0.39	413021.51	0.00	26.34	996.00	58.49	37.11	0.96	1.37	25.00	->	0.07	0.17	0.06	0.05	0.04	0.02	0.00	0.00	0.00	0.00	0.00	0.00	0.00	0.00	0.00	0.00	0.00	0.00	0.00	0.00	0.00	0.00	0.00	0.00	0.00	0.00	0.00	0.00	0.00	0.00	0.00	0.00	0.00	0.00	0.00	0.00	0.00	0.00	0.00	0.00	0.00	0.00	0.00	0.00	0.00	0.00	0.00	0.00	0.00	0.00	0.00	0.00	0.00	0.00	0.00	0.00	0.00	0.00	0.00	0.00	0.00	0.00	0.00	0.00
25.04.2023 12:48:00	600.00	0.01	0.03	0.07	0.24	0.33	59.22	179.80	0.80	0.43	0.27	0.35	1.65	0.20	0.20	0.26	0.39	0.39	434662.26	0.00	26.37	996.01	58.50	37.48	0.96	1.38	25.00	->	0.07	0.15	0.07	0.07	0.04	0.02	0.00	0.00	0.00	0.00	0.00	0.00	0.00	0.00	0.00	0.00	0.00	0.00	0.00	0.00	0.00	0.00	0.00	0.00	0.00	0.00	0.00	0.00	0.00	0.00	0.00	0.00	0.00	0.00	0.00	0.00	0.00	0.00	0.00	0.00	0.00	0.00	0.00	0.00	0.00	0.00	0.00	0.00	0.00	0.00	0.00	0.00	0.00	0.00	0.00	0.00	0.00	0.00	0.00	0.00	0.00	0.00	0.00	0.00
25.04.2023 12:49:00	600.00	0.01	0.03	0.07	0.24	0.33	58.26	181.05	0.81	0.42	0.27	0.35	1.65	0.20	0.20	0.26	0.39	0.39	417244.10	0.00	26.40	996.02	58.52	37.79	0.95	1.38	25.00	->	0.07	0.14	0.07	0.07	0.04	0.02	0.00	0.00	0.00	0.00	0.00	0.00	0.00	0.00	0.00	0.00	0.00	0.00	0.00	0.00	0.00	0.00	0.00	0.00	0.00	0.00	0.00	0.00	0.00	0.00	0.00	0.00	0.00	0.00	0.00	0.00	0.00	0.00	0.00	0.00	0.00	0.00	0.00	0.00	0.00	0.00	0.00	0.00	0.00	0.00	0.00	0.00	0.00	0.00	0.00	0.00	0.00	0.00	0.00	0.00	0.00	0.00	0.00	0.00
25.04.2023 12:50:00	600.00	0.01	0.03	0.07	0.24	0.33	57.40	182.19	0.81	0.45	0.27	0.35	1.65	0.20	0.20	0.26	0.39	0.40	453663.89	0.00	26.42	996.02	58.55	38.09	0.95	1.38	25.00	->	0.07	0.15	0.08	0.07	0.04	0.02	0.01	0.00	0.00	0.00	0.00	0.00	0.00	0.00	0.00	0.00	0.00	0.00	0.00	0.00	0.00	0.00	0.00	0.00	0.00	0.00	0.00	0.00	0.00	0.00	0.00	0.00	0.00	0.00	0.00	0.00	0.00	0.00	0.00	0.00	0.00	0.00	0.00	0.00	0.00	0.00	0.00	0.00	0.00	0.00	0.00	0.00	0.00	0.00	0.00	0.00	0.00	0.00	0.00	0.00	0.00	0.00	0.00	0.00
25.04.2023 12:51:00	600.00	0.01	0.03	0.07	0.24	0.33	56.53	183.32	0.82	0.45	0.27	0.35	1.65	0.20	0.20	0.26	0.39	0.40	449705.21	0.00	26.44	996.03	58.57	38.38	0.94	1.38	25.00	->	0.07	0.16	0.09	0.06	0.04	0.02	0.01	0.00	0.00	0.00	0.00	0.00	0.00	0.00	0.00	0.00	0.00	0.00	0.00	0.00	0.00	0.00	0.00	0.00	0.00	0.00	0.00	0.00	0.00	0.00	0.00	0.00	0.00	0.00	0.00	0.00	0.00	0.00	0.00	0.00	0.00	0.00	0.00	0.00	0.00	0.00	0.00	0.00	0.00	0.00	0.00	0.00	0.00	0.00	0.00	0.00	0.00	0.00	0.00	0.00	0.00	0.00	0.00	0.00
25.04.2023 12:52:00	600.00	0.01	0.04	0.09	0.26	0.35	55.64	184.41	0.82	0.45	0.28	0.37	1.69	0.20	0.20	0.27	0.42	0.42	446010.45	0.00	26.47	996.03	58.59	38.68	0.93	1.38	25.00	->	0.06	0.16	0.09	0.06	0.04	0.02	0.01	0.00	0.00	0.00	0.00	0.00	0.00	0.00	0.00	0.00	0.00	0.00	0.00	0.00	0.00	0.00	0.00	0.00	0.00	0.00	0.00	0.00	0.00	0.00	0.00	0.00	0.00	0.00	0.00	0.00	0.00	0.00	0.00	0.00	0.00	0.00	0.00	0.00	0.00	0.00	0.00	0.00	0.00	0.00	0.00	0.00	0.00	0.00	0.00	0.00	0.00	0.00	0.00	0.00	0.00	0.00	0.00	0.00
25.04.2023 12:53:00	600.00	0.01	0.04	0.09	0.26	0.35	54.87	185.57	0.83	0.41	0.28	0.37	1.69	0.20	0.20	0.26	0.42	0.42	410382.40	0.00	26.50	996.04	58.61	38.96	0.89	1.38	25.00	->	0.04	0.16	0.10	0.05	0.03	0.01	0.01	0.00	0.00	0.00	0.00	0.00	0.00	0.00	0.00	0.00	0.00	0.00	0.00	0.00	0.00	0.00	0.00	0.00	0.00	0.00	0.00	0.00	0.00	0.00	0.00	0.00	0.00	0.00	0.00	0.00	0.00	0.00	0.00	0.00	0.00	0.00	0.00	0.00	0.00	0.00	0.00	0.00	0.00	0.00	0.00	0.00	0.00	0.00	0.00	0.00	0.00	0.00	0.00	0.00	0.00	0.00	0.00	0.00
25.04.2023 12:54:00	600.00	0.01	0.02	0.03	0.03	0.03	54.14	186.51	0.83	0.39	0.23	0.07	0.05	0.20	0.20	0.22	0.27	0.27	391644.68	0.00	26.52	996.05	58.63	39.16	0.88	1.38	25.00	->	0.04	0.14	0.09	0.05	0.03	0.02	0.01	0.00	0.00	0.00	0.00	0.00	0.00	0.00	0.00	0.00	0.00	0.00	0.00	0.00	0.00	0.00	0.00	0.00	0.00	0.00	0.00	0.00	0.00	0.00	0.00	0.00	0.00	0.00	0.00	0.00	0.00	0.00	0.00	0.00	0.00	0.00	0.00	0.00	0.00	0.00	0.00	0.00	0.00	0.00	0.00	0.00	0.00	0.00	0.00	0.00	0.00	0.00	0.00	0.00	0.00	0.00	0.00	0.00
25.04.2023 12:55:00	600.00	0.01	0.02	0.03	0.02	0.03	53.40	187.71	0.84	0.36	0.23	0.07	0.05	0.20	0.20	0.23	0.27	0.27	359975.30	0.00	26.54	996.06	58.65	39.36	0.83	1.38	25.00	->	0.03	0.13	0.09	0.05	0.02	0.02	0.01	0.00	0.00	0.00	0.00	0.00	0.00	0.00	0.00	0.00	0.00	0.00	0.00	0.00	0.00	0.00	0.00	0.00	0.00	0.00	0.00	0.00	0.00	0.00	0.00	0.00	0.00	0.00	0.00	0.00	0.00	0.00	0.00	0.00	0.00	0.00	0.00	0.00	0.00	0.00	0.00	0.00	0.00	0.00	0.00	0.00	0.00	0.00	0.00	0.00	0.00	0.00	0.00	0.00	0.00	0.00	0.00	0.00
25.04.2023 12:56:00	600.00	0.01	0.02	0.03	0.02	0.03	52.71	188.54	0.84	0.33	0.23	0.07	0.05	0.20	0.20	0.23	0.27	0.27	334639.79	0.00	26.56	996.07	58.67	39.66	0.79	1.38	25.00	->	0.03	0.12	0.08	0.05	0.03	0.02	0.01	0.00	0.00	0.00	0.00	0.00	0.00	0.00	0.00	0.00	0.00	0.00	0.00	0.00	0.00	0.00	0.00	0.00	0.00	0.00	0.00	0.00	0.00	0.00	0.00	0.00	0.00	0.00	0.00	0.00	0.00	0.00	0.00	0.00	0.00	0.00	0.00	0.00	0.00	0.00	0.00	0.00	0.00	0.00	0.00	0.00	0.00	0.00	0.00	0.00	0.00	0.00	0.00	0.00	0.00	0.00	0.00	0.00
25.04.2023 12:57:00	600.00	0.01	0.02	0.02	0.02	0.02	52.16	189.40	0.85	0.32	0.23	0.07	0.05	0.20	0.20	0.22	0.27	0.27	320388.57	0.00	26.58	996.08	58.69	39.87	0.77	1.38	25.00	->	0.04	0.11	0.07	0.05	0.02	0.02	0.01	0.00	0.00	0.00	0.00	0.00	0.00	0.00	0.00	0.00	0.00	0.00	0.00	0.00	0.00	0.00	0.00	0.00	0.00	0.00	0.00	0.00	0.00	0.00	0.00	0.00	0.00	0.00	0.00	0.00	0.00	0.00	0.00	0.00	0.00	0.00	0.00	0.00	0.00	0.00	0.00	0.00	0.00	0.00	0.00	0.00	0.00	0.00	0.00	0.00	0.00	0.00	0.00	0.00	0.00	0.00	0.00	0.00
25.04.2023 12:58:00	600.00	0.01	0.02	0.02	0.02	0.02	51.58	190.29	0.85	0.29	0.22	0.07	0.05	0.20	0.20	0.22	0.26	0.27	288983.10	0.00	26.60	996.08	58.71	40.08	0.77	1.38	25.00	->	0.03	0.12	0.06	0.03	0.02	0.02	0.00	0.00	0.00	0.00	0.00	0.00	0.00	0.00	0.00	0.00	0.00	0.00	0.00	0.00	0.00	0.00	0.00	0.00	0.00	0.00	0.00	0.00	0.00	0.00	0.00	0.00	0.00	0.00	0.00	0.00	0.00	0.00	0.00	0.00	0.00	0.00	0.00	0.00	0.00	0.00	0.00	0.00	0.00	0.00	0.00	0.00	0.00	0.00	0.00	0.00	0.00	0.00	0.00	0.00	0.00	0.00	0.00	0.00
25.04.2023 12:59:00	600.00	0.01	0.02	0.02	0.02	3.43	51.07	191.15	0.85	0.31	0.48	4.81	86.73	0.20	0.20	0.36	0.78	0.79	313790.79	0.00	26.62	996.08	58.73	40.27	0.79	1.38	25.00	->	0.04	0.12	0.06	0.04	0.02	0.01	0.00	0.00	0.00	0.00	0.00	0.00	0.00	0.00	0.00	0.00	0.00	0.00	0.00	0.00	0.00	0.00	0.00	0.00	0.00	0.00	0.00	0.00	0.00	0.00	0.00	0.00	0.00	0.00	0.00	0.00	0.00	0.00	0.00	0.00	0.00	0.00	0.00	0.00	0.00	0.00	0.00	0.00	0.00	0.00	0.00	0.00	0.00	0.00	0.00	0.00	0.00	0.00	0.00	0.00	0.00	0.00	0.00	0.00
25.04.2023 13:00:00	600.00	0.01	0.02	0.03	0.03	3.44	50.47	191.96	0.86	0.30	0.49	4.81	86.74	0.20	0.20	0.36	0.80	0.81	300859.12	0.00	26.64	996.09	58.75	40.48	0.82	1.38	25.00	->	0.03	0.11	0.07	0.04	0.02	0.01	0.00	0.00	0.00	0.00	0.00	0.00	0.00	0.00	0.00	0.00	0.00	0.00	0.00	0.00	0.00	0.00	0.00	0.00	0.00	0.00	0.00	0.00	0.00	0.00	0.00	0.00	0.00	0.00	0.00	0.00	0.00	0.00	0.00	0.00	0.00	0.00	0.00	0.00	0.00	0.00	0.00	0.00	0.00	0.00	0.00	0.00	0.00	0.00	0.00	0.00	0.00	0.00	0.00	0.00	0.00	0.00	0.00	0.00
25.04.2023 13:01:00	600.00	0.01	0.02	0.03	0.03	3.44	49.94	192.78	0.86	0.28	0.48	4.81	86.74	0.20	0.20	0.36	0.80	0.81	275787.53	0.00	26.67	996.09	58.77	40.61	0.83	1.38	25.00	->	0.03	0.10	0.06	0.04	0.02	0.01	0.00	0.00	0.00	0.00	0.00	0.00	0.00	0.00	0.00	0.00	0.00	0.00	0.00	0.00	0.00	0.00	0.00	0.00	0.00	0.00	0.00	0.00	0.00	0.00	0.00	0.00	0.00	0.00	0.00	0.00	0.00	0.00	0.00	0.00	0.00	0.00	0.00	0.00	0.00	0.00	0.00	0.00	0.00	0.00	0.00	0.00	0.00	0.00	0.00	0.00	0.00	0.00	0.00	0.00	0.00	0.00	0.00	0.00
25.04.2023 13:02:00	600.00	0.01	0.01	0.01	0.01	3.42	49.35	193.64	0.87	0.28	0.47	4.79	86.70	0.20	0.20	0.35	0.76	0.77	283440.96	0.00	26.69	996.09	58.79	40.81	0.79	1.38	25.00	->	0.03	0.11	0.06	0.05	0.02	0.01	0.00	0.00	0.00	0.00	0.00	0.00	0.00	0.00	0.00	0.00	0.00	0.00	0.00	0.00	0.00	0.00	0.00	0.00	0.00	0.00	0.00	0.00	0.00	0.00	0.00	0.00	0.00	0.00	0.00	0.00	0.00	0.00	0.00	0.00	0.00	0.00	0.00	0.00	0.00	0.00	0.00	0.00	0.00	0.00	0.00	0.00	0.00	0.00	0.00	0.00	0.00	0.00	0.00	0.00	0.00	0.00	0.00	0.00
25.04.2023 13:03:00	600.00	0.01	0.03	0.09	0.19	3.65	48.75	194.55	0.87	0.31	0.50	4.92	87.33	0.20	0.20	0.34	0.89	0.90	306665.17	0.00	26.71	996.11	58.81	41.01	0.84	1.38	25.00	->	0.04	0.12	0.05	0.05	0.02	0.00	0.00	0.00	0.00	0.00	0.00	0.00	0.00	0.00	0.00	0.00	0.00	0.00	0.00	0.00	0.00	0.00	0.00	0.00	0.00	0.00	0.00	0.00	0.00	0.00	0.00	0.00	0.00	0.00	0.00	0.00	0.00	0.00	0.00	0.00	0.00	0.00	0.00	0.00	0.00	0.00	0.00	0.00	0.00	0.00	0.00	0.00	0.00	0.00	0.00	0.00	0.00	0.00	0.00	0.00	0.00	0.00	0.00	0.00
25.04.2023 13:04:00	600.00	0.01	0.03	0.09	0.19	3.65	48.15	195.35	0.87	0.31	0.50	4.92	87.33	0.19	0.20	0.35	0.89	0.90	311679.49	0.00	26.73	996.12	58.83	41.21	0.85	1.38	25.00	->	0.04	0.12	0.05	0.05	0.03	0.00	0.01	0.00	0.00	0.00	0.00	0.00	0.00	0.00	0.00	0.00	0.00	0.00	0.00	0.00	0.00	0.00	0.00	0.00	0.00	0.00	0.00	0.00	0.00	0.00	0.00	0.00	0.00	0.00	0.00	0.00	0.00	0.00	0.00	0.00	0.00	0.00	0.00	0.00	0.00	0.00	0.00	0.00	0.00	0.00	0.00	0.00	0.00	0.00	0.00	0.00	0.00	0.00	0.00	0.00	0.00	0.00	0.00	0.00
25.04.2023 13:05:00	600.00	0.01	0.03	0.09	0.19	3.65	47.67	196.11	0.88	0.32	0.50	4.92	87.33	0.19	0.20	0.34	0.89	0.90	324083.33	0.00	26.75	996.12	58.85	41.41	0.88	1.38	25.00	->	0.04	0.13	0.06	0.04	0.03	0.00	0.01	0.00	0.00	0.00	0.00	0.00	0.00	0.00	0.00	0.00	0.00	0.00	0.00	0.00	0.00	0.00	0.00	0.00	0.00	0.00	0.00	0.00	0.00	0.00	0.00	0.00	0.00	0.00	0.00	0.00	0.00	0.00	0.00	0.00	0.00	0.00	0.00	0.00	0.00	0.00	0.00	0.00	0.00	0.00	0.00	0.00	0.00	0.00	0.00	0.00	0.00	0.00	0.00	0.00	0.00	0.00	0.00	0.00
25.04.2023 13:06:00	600.00	0.01	0.04	0.11	0.21	3.67	47.16	196.90	0.88	0.34	0.51	4.94	87.37	0.19	0.20	0.35	0.93	0.94	344404.52	0.00	26.77	996.12	58.86	41.52	0.90	1.38	25.00	->	0.04	0.13	0.07	0.05	0.02	0.00	0.01	0.00	0.00	0.00	0.00	0.00	0.00	0.00	0.00	0.00	0.00	0.00	0.00	0.00	0.00	0.00	0.00	0.00	0.00	0.00	0.00	0.00	0.00	0.00	0.00	0.00	0.00	0.00	0.00	0.00	0.00	0.00	0.00	0.00	0.00	0.00	0.00	0.00	0.00	0.00	0.00	0.00	0.00	0.00	0.00	0.00	0.00	0.00	0.00	0.00	0.00	0.00	0.00	0.00	0.00	0.00	0.00	0.00
25.04.2023 13:07:00	600.00	0.01	0.05	0.12	0.22	3.68	46.56	197.71	0.88	0.35	0.51	4.95	87.38	0.19	0.20	0.35	0.94	0.96	352849.69	0.00	26.79	996.12	58.87	41.62	0.94	1.38	25.00	->	0.04	0.13	0.08	0.06	0.02	0.00	0.01	0.00	0.00	0.00	0.00	0.00	0.00	0.00	0.00	0.00	0.00	0.00	0.00	0.00	0.00	0.00	0.00	0.00	0.00	0.00	0.00	0.00	0.00	0.00	0.00	0.01	0.00	0.00	0.00	0.00	0.00	0.00	0.00	0.00	0.00	0.00	0.00	0.00	0.00	0.00	0.00	0.00	0.00	0.00	0.00	0.00	0.00	0.00	0.00	0.00	0.00	0.00	0.00	0.00	0.00	0.00	0.00	0.00
25.04.2023 13:08:00	600.00	0.01	0.05	0.12	0.22	3.68	46.08	198.75	0.89	0.39	0.51	4.95	87.38	0.19	0.20	0.35	0.95	0.96	390589.04	0.00	26.81	996.12	58.89	41.77	0.93	1.38	25.00	->	0.05	0.13	0.10	0.06	0.02	0.00	0.01	0.00	0.00	0.00	0.00	0.00	0.00	0.00	0.00	0.00	0.00	0.00	0.00	0.00	0.00	0.00	0.00	0.00	0.00	0.00	0.00	0.00	0.00	0.00	0.00	0.01	0.00	0.00	0.00	0.00	0.00	0.00	0.00	0.00	0.00	0.00	0.00	0.00	0.00	0.00	0.00	0.00	0.00	0.00	0.00	0.00	0.00	0.00	0.00	0.00	0.00	0.00	0.00	0.00	0.00	0.00	0.00	0.00
25.04.2023 13:09:00	600.00	0.01	0.05	0.12	0.22	0.27	45.61	199.43	0.89	0.41	0.26	0.21	0.70	0.19	0.19	0.21	0.43	0.44	411438.04	0.00	26.83	996.12	58.90	41.97	0.94	1.38	25.00	->	0.07	0.13	0.10	0.05	0.03	0.01	0.01	0.00	0.00	0.00	0.00	0.00	0.00	0.00	0.00	0.00	0.00	0.00	0.00	0.00	0.00	0.00	0.00	0.00	0.00	0.00	0.00	0.00	0.00	0.00	0.00	0.01	0.00	0.00	0.00	0.00	0.00	0.00	0.00	0.00	0.00	0.00	0.00	0.00	0.00	0.00	0.00	0.00	0.00	0.00	0.00	0.00	0.00	0.00	0.00	0.00	0.00	0.00	0.00	0.00	0.00	0.00	0.00	0.00
25.04.2023 13:10:00	600.00	0.01	0.05	0.12	0.22	0.27	45.10	200.36	0.90	0.40	0.25	0.21	0.70	0.19	0.20	0.21	0.41	0.42	404048.52	0.00	26.85	996.13	58.91	42.17	0.94	1.38	25.00	->	0.07	0.12	0.10	0.05	0.03	0.01	0.01	0.00	0.00	0.00	0.00	0.00	0.00	0.00	0.00	0.00	0.00	0.00	0.00	0.00	0.00	0.00	0.00	0.00	0.00	0.00	0.00	0.00	0.00	0.00	0.00	0.01	0.00	0.00	0.00	0.00	0.00	0.00	0.00	0.00	0.00	0.00	0.00	0.00	0.00	0.00	0.00	0.00	0.00	0.00	0.00	0.00	0.00	0.00	0.00	0.00	0.00	0.00	0.00	0.00	0.00	0.00	0.00	0.00
25.04.2023 13:11:00	600.00	0.01	0.05	0.12	0.22	0.27	44.56	201.28	0.90	0.45	0.26	0.21	0.70	0.20	0.20	0.22	0.42	0.42	452344.33	0.00	26.86	996.13	58.91	42.35	0.95	1.38	25.00	->	0.08	0.13	0.11	0.05	0.04	0.02	0.01	0.00	0.00	0.00	0.00	0.00	0.00	0.00	0.00	0.00	0.00	0.00	0.00	0.00	0.00	0.00	0.00	0.00	0.00	0.00	0.00	0.00	0.00	0.00	0.00	0.01	0.00	0.00	0.00	0.00	0.00	0.00	0.00	0.00	0.00	0.00	0.00	0.00	0.00	0.00	0.00	0.00	0.00	0.00	0.00	0.00	0.00	0.00	0.00	0.00	0.00	0.00	0.00	0.00	0.00	0.00	0.00	0.00
25.04.2023 13:12:00	600.00	0.01	0.05	0.12	0.22	0.27	44.07	202.08	0.90	0.45	0.26	0.21	0.70	0.20	0.20	0.22	0.41	0.42	450233.04	0.00	26.88	996.13	58.92	42.45	0.98	1.38	25.00	->	0.08	0.13	0.12	0.05	0.03	0.02	0.01	0.00	0.00	0.00	0.00	0.00	0.00	0.00	0.00	0.00	0.00	0.00	0.00	0.00	0.00	0.00	0.00	0.00	0.00	0.00	0.00	0.00	0.00	0.00	0.00	0.01	0.00	0.00	0.00	0.00	0.00	0.00	0.00	0.00	0.00	0.00	0.00	0.00	0.00	0.00	0.00	0.00	0.00	0.00	0.00	0.00	0.00	0.00	0.00	0.00	0.00	0.00	0.00	0.00	0.00	0.00	0.00	0.00
25.04.2023 13:13:00	600.00	0.01	0.02	0.04	0.03	0.04	43.68	202.69	0.91	0.43	0.23	0.08	0.06	0.20	0.20	0.22	0.29	0.30	429120.11	0.00	26.90	996.12	58.92	42.55	0.95	1.38	25.00	->	0.07	0.11	0.12	0.05	0.03	0.02	0.01	0.00	0.00	0.00	0.00	0.00	0.00	0.00	0.00	0.00	0.00	0.00	0.00	0.00	0.00	0.00	0.00	0.00	0.00	0.00	0.00	0.00	0.00	0.00	0.00	0.01	0.00	0.00	0.00	0.00	0.00	0.00	0.00	0.00	0.00	0.00	0.00	0.00	0.00	0.00	0.00	0.00	0.00	0.00	0.00	0.00	0.00	0.00	0.00	0.00	0.00	0.00	0.00	0.00	0.00	0.00	0.00	0.00
25.04.2023 13:14:00	600.00	0.01	0.02	0.04	0.03	0.04	43.36	203.34	0.91	0.45	0.23	0.07	0.06	0.20	0.20	0.22	0.29	0.29	450233.04	0.00	26.92	996.12	58.91	42.65	0.94	1.38	25.00	->	0.08	0.11	0.14	0.06	0.03	0.02	0.01	0.00	0.00	0.00	0.00	0.00	0.00	0.00	0.00	0.00	0.00	0.00	0.00	0.00	0.00	0.00	0.00	0.00	0.00	0.00	0.00	0.00	0.00	0.00	0.00	0.01	0.00	0.00	0.00	0.00	0.00	0.00	0.00	0.00	0.00	0.00	0.00	0.00	0.00	0.00	0.00	0.00	0.00	0.00	0.00	0.00	0.00	0.00	0.00	0.00	0.00	0.00	0.00	0.00	0.00	0.00	0.00	0.00
25.04.2023 13:15:00	600.00	0.01	0.02	0.04	0.03	0.04	42.98	204.14	0.91	0.45	0.23	0.07	0.06	0.20	0.20	0.22	0.29	0.29	445218.72	0.00	26.94	996.13	58.91	42.75	0.94	1.38	25.00	->	0.07	0.11	0.13	0.06	0.03	0.02	0.01	0.00	0.00	0.00	0.00	0.00	0.00	0.00	0.00	0.00	0.00	0.00	0.00	0.00	0.00	0.00	0.00	0.00	0.00	0.00	0.00	0.00	0.00	0.00	0.00	0.01	0.00	0.00	0.00	0.00	0.00	0.00	0.00	0.00	0.00	0.00	0.00	0.00	0.00	0.00	0.00	0.00	0.00	0.00	0.00	0.00	0.00	0.00	0.00	0.00	0.00	0.00	0.00	0.00	0.00	0.00	0.00	0.00
25.04.2023 13:16:00	600.00	0.01	0.01	0.01	0.01	0.01	42.74	204.82	0.91	0.46	0.22	0.05	0.02	0.20	0.20	0.22	0.25	0.25	463164.70	0.00	26.96	996.14	58.91	42.95	0.94	1.38	25.00	->	0.08	0.13	0.13	0.05	0.03	0.02	0.01	0.00	0.00	0.00	0.00	0.00	0.00	0.00	0.00	0.00	0.00	0.00	0.00	0.00	0.00	0.00	0.00	0.00	0.00	0.00	0.00	0.00	0.00	0.00	0.00	0.00	0.00	0.00	0.00	0.00	0.00	0.00	0.00	0.00	0.00	0.00	0.00	0.00	0.00	0.00	0.00	0.00	0.00	0.00	0.00	0.00	0.00	0.00	0.00	0.00	0.00	0.00	0.00	0.00	0.00	0.00	0.00	0.00
25.04.2023 13:17:00	600.00	0.01	0.01	0.01	0.01	0.01	42.41	205.68	0.92	0.46	0.21	0.05	0.01	0.20	0.20	0.21	0.23	0.24	463956.43	0.00	26.98	996.15	58.90	43.15	0.94	1.38	25.00	->	0.08	0.14	0.13	0.05	0.03	0.02	0.01	0.00	0.00	0.00	0.00	0.00	0.00	0.00	0.00	0.00	0.00	0.00	0.00	0.00	0.00	0.00	0.00	0.00	0.00	0.00	0.00	0.00	0.00	0.00	0.00	0.00	0.00	0.00	0.00	0.00	0.00	0.00	0.00	0.00	0.00	0.00	0.00	0.00	0.00	0.00	0.00	0.00	0.00	0.00	0.00	0.00	0.00	0.00	0.00	0.00	0.00	0.00	0.00	0.00	0.00	0.00	0.00	0.00
25.04.2023 13:18:00	600.00	0.01	0.01	0.01	0.01	0.01	42.06	206.04	0.92	0.46	0.21	0.05	0.01	0.20	0.20	0.21	0.23	0.24	463164.70	0.00	27.00	996.15	58.90	43.30	0.93	1.38	25.00	->	0.08	0.14	0.12	0.05	0.04	0.03	0.01	0.00	0.00	0.00	0.00	0.00	0.00	0.00	0.00	0.00	0.00	0.00	0.00	0.00	0.00	0.00	0.00	0.00	0.00	0.00	0.00	0.00	0.00	0.00	0.00	0.00	0.00	0.00	0.00	0.00	0.00	0.00	0.00	0.00	0.00	0.00	0.00	0.00	0.00	0.00	0.00	0.00	0.00	0.00	0.00	0.00	0.00	0.00	0.00	0.00	0.00	0.00	0.00	0.00	0.00	0.00	0.00	0.00
25.04.2023 13:19:00	600.00	0.01	0.01	0.01	0.01	0.01	41.69	206.40	0.92	0.48	0.21	0.05	0.01	0.20	0.20	0.21	0.23	0.24	484541.53	0.00	27.02	996.16	58.91	43.41	0.93	1.38	25.00	->	0.07	0.16	0.13	0.05	0.04	0.03	0.01	0.00	0.00	0.00	0.00	0.00	0.00	0.00	0.00	0.00	0.00	0.00	0.00	0.00	0.00	0.00	0.00	0.00	0.00	0.00	0.00	0.00	0.00	0.00	0.00	0.00	0.00	0.00	0.00	0.00	0.00	0.00	0.00	0.00	0.00	0.00	0.00	0.00	0.00	0.00	0.00	0.00	0.00	0.00	0.00	0.00	0.00	0.00	0.00	0.00	0.00	0.00	0.00	0.00	0.00	0.00	0.00	0.00
25.04.2023 13:20:00	600.00	0.01	0.01	0.01	0.01	0.01	41.40	206.64	0.92	0.49	0.21	0.05	0.01	0.19	0.20	0.21	0.23	0.24	492986.70	0.00	27.04	996.17	58.91	43.51	0.93	1.38	25.00	->	0.07	0.17	0.12	0.05	0.04	0.03	0.01	0.00	0.00	0.00	0.00	0.00	0.00	0.00	0.00	0.00	0.00	0.00	0.00	0.00	0.00	0.00	0.00	0.00	0.00	0.00	0.00	0.00	0.00	0.00	0.00	0.00	0.00	0.00	0.00	0.00	0.00	0.00	0.00	0.00	0.00	0.00	0.00	0.00	0.00	0.00	0.00	0.00	0.00	0.00	0.00	0.00	0.00	0.00	0.00	0.00	0.00	0.00	0.00	0.00	0.00	0.00	0.00	0.00
25.04.2023 13:21:00	600.00	0.01	0.01	0.01	0.01	0.01	41.18	206.79	0.92	0.49	0.21	0.05	0.01	0.19	0.19	0.21	0.23	0.24	487972.38	0.00	27.05	996.18	58.92	43.61	0.91	1.38	25.00	->	0.07	0.16	0.13	0.05	0.05	0.02	0.00	0.00	0.00	0.00	0.00	0.00	0.00	0.00	0.00	0.00	0.00	0.00	0.00	0.00	0.00	0.00	0.00	0.00	0.00	0.00	0.00	0.00	0.00	0.00	0.00	0.00	0.00	0.00	0.00	0.00	0.00	0.00	0.00	0.00	0.00	0.00	0.00	0.00	0.00	0.00	0.00	0.00	0.00	0.00	0.00	0.00	0.00	0.00	0.00	0.00	0.00	0.00	0.00	0.00	0.00	0.00	0.00	0.00
25.04.2023 13:22:00	600.00	0.01	0.01	0.01	0.01	0.01	41.00	207.24	0.93	0.47	0.21	0.04	0.01	0.19	0.19	0.21	0.23	0.23	474512.90	0.00	27.07	996.19	58.92	43.70	0.90	1.37	25.00	->	0.07	0.16	0.13	0.04	0.05	0.02	0.00	0.00	0.00	0.00	0.00	0.00	0.00	0.00	0.00	0.00	0.00	0.00	0.00	0.00	0.00	0.00	0.00	0.00	0.00	0.00	0.00	0.00	0.00	0.00	0.00	0.00	0.00	0.00	0.00	0.00	0.00	0.00	0.00	0.00	0.00	0.00	0.00	0.00	0.00	0.00	0.00	0.00	0.00	0.00	0.00	0.00	0.00	0.00	0.00	0.00	0.00	0.00	0.00	0.00	0.00	0.00	0.00	0.00
25.04.2023 13:23:00	600.00	0.01	0.01	0.01	0.01	0.01	40.78	207.66	0.93	0.50	0.21	0.04	0.01	0.19	0.19	0.21	0.23	0.23	500376.22	0.00	27.08	996.20	58.93	43.80	0.90	1.37	25.00	->	0.07	0.18	0.14	0.04	0.05	0.02	0.00	0.00	0.01	0.00	0.00	0.00	0.00	0.00	0.00	0.00	0.00	0.00	0.00	0.00	0.00	0.00	0.00	0.00	0.00	0.00	0.00	0.00	0.00	0.00	0.00	0.00	0.00	0.00	0.00	0.00	0.00	0.00	0.00	0.00	0.00	0.00	0.00	0.00	0.00	0.00	0.00	0.00	0.00	0.00	0.00	0.00	0.00	0.00	0.00	0.00	0.00	0.00	0.00	0.00	0.00	0.00	0.00	0.00
25.04.2023 13:24:00	600.00	0.01	0.01	0.01	0.01	0.01	40.56	208.24	0.93	0.48	0.21	0.05	0.01	0.19	0.19	0.21	0.23	0.24	483749.80	0.00	27.10	996.20	58.93	43.96	0.90	1.37	25.00	->	0.07	0.18	0.13	0.04	0.05	0.02	0.00	0.00	0.01	0.00	0.00	0.00	0.00	0.00	0.00	0.00	0.00	0.00	0.00	0.00	0.00	0.00	0.00	0.00	0.00	0.00	0.00	0.00	0.00	0.00	0.00	0.00	0.00	0.00	0.00	0.00	0.00	0.00	0.00	0.00	0.00	0.00	0.00	0.00	0.00	0.00	0.00	0.00	0.00	0.00	0.00	0.00	0.00	0.00	0.00	0.00	0.00	0.00	0.00	0.00	0.00	0.00	0.00	0.00
25.04.2023 13:25:00	600.00	0.01	0.01	0.01	0.01	0.01	40.43	208.52	0.93	0.50	0.21	0.05	0.01	0.19	0.19	0.21	0.24	0.24	500904.05	0.00	27.12	996.20	58.93	44.16	0.90	1.37	25.00	->	0.07	0.18	0.13	0.04	0.05	0.02	0.00	0.00	0.01	0.00	0.00	0.00	0.00	0.00	0.00	0.00	0.00	0.00	0.00	0.00	0.00	0.00	0.00	0.00	0.00	0.00	0.00	0.00	0.00	0.00	0.00	0.00	0.00	0.00	0.00	0.00	0.00	0.00	0.00	0.00	0.00	0.00	0.00	0.00	0.00	0.00	0.00	0.00	0.00	0.00	0.00	0.00	0.00	0.00	0.00	0.00	0.00	0.00	0.00	0.00	0.00	0.00	0.00	0.00
25.04.2023 13:26:00	600.00	0.01	0.01	0.01	0.01	0.01	40.18	209.02	0.93	0.49	0.21	0.05	0.01	0.19	0.19	0.21	0.24	0.25	494306.26	0.00	27.14	996.20	58.93	44.26	0.93	1.37	25.00	->	0.07	0.18	0.11	0.04	0.05	0.02	0.01	0.00	0.01	0.00	0.00	0.00	0.00	0.00	0.00	0.00	0.00	0.00	0.00	0.00	0.00	0.00	0.00	0.00	0.00	0.00	0.00	0.00	0.00	0.00	0.00	0.00	0.00	0.00	0.00	0.00	0.00	0.00	0.00	0.00	0.00	0.00	0.00	0.00	0.00	0.00	0.00	0.00	0.00	0.00	0.00	0.00	0.00	0.00	0.00	0.00	0.00	0.00	0.00	0.00	0.00	0.00	0.00	0.00
25.04.2023 13:27:00	600.00	0.01	0.01	0.01	0.01	0.01	39.95	209.47	0.93	0.52	0.22	0.05	0.01	0.19	0.20	0.22	0.25	0.25	517530.47	0.00	27.15	996.20	58.93	44.36	0.93	1.37	25.00	->	0.07	0.17	0.13	0.04	0.06	0.02	0.01	0.00	0.01	0.00	0.01	0.00	0.00	0.00	0.00	0.00	0.00	0.00	0.00	0.00	0.00	0.00	0.00	0.00	0.00	0.00	0.00	0.00	0.00	0.00	0.00	0.00	0.00	0.00	0.00	0.00	0.00	0.00	0.00	0.00	0.00	0.00	0.00	0.00	0.00	0.00	0.00	0.00	0.00	0.00	0.00	0.00	0.00	0.00	0.00	0.00	0.00	0.00	0.00	0.00	0.00	0.00	0.00	0.00
25.04.2023 13:28:00	600.00	0.01	0.01	0.01	0.01	0.01	39.76	209.84	0.94	0.48	0.22	0.05	0.01	0.20	0.20	0.22	0.24	0.25	482166.33	0.00	27.16	996.20	58.92	44.45	0.93	1.37	25.00	->	0.06	0.16	0.12	0.05	0.05	0.01	0.01	0.00	0.01	0.00	0.01	0.00	0.00	0.00	0.00	0.00	0.00	0.00	0.00	0.00	0.00	0.00	0.00	0.00	0.00	0.00	0.00	0.00	0.00	0.00	0.00	0.00	0.00	0.00	0.00	0.00	0.00	0.00	0.00	0.00	0.00	0.00	0.00	0.00	0.00	0.00	0.00	0.00	0.00	0.00	0.00	0.00	0.00	0.00	0.00	0.00	0.00	0.00	0.00	0.00	0.00	0.00	0.00	0.00
25.04.2023 13:29:00	600.00	0.01	0.01	0.01	0.01	0.01	39.58	210.41	0.94	0.47	0.22	0.05	0.01	0.19	0.20	0.22	0.25	0.25	467387.28	0.00	27.18	996.20	58.91	44.55	0.92	1.37	25.00	->	0.06	0.15	0.11	0.05	0.05	0.01	0.01	0.00	0.01	0.00	0.01	0.00	0.00	0.00	0.00	0.00	0.00	0.00	0.00	0.00	0.00	0.00	0.00	0.00	0.00	0.00	0.00	0.00	0.00	0.00	0.00	0.00	0.00	0.00	0.00	0.00	0.00	0.00	0.00	0.00	0.00	0.00	0.00	0.00	0.00	0.00	0.00	0.00	0.00	0.00	0.00	0.00	0.00	0.00	0.00	0.00	0.00	0.00	0.00	0.00	0.00	0.00	0.00	0.00
25.04.2023 13:30:00	600.00	0.01	0.01	0.01	0.01	0.01	39.46	211.02	0.94	0.47	0.22	0.05	0.01	0.19	0.20	0.22	0.25	0.25	471873.78	0.00	27.20	996.20	58.90	44.66	0.92	1.37	25.00	->	0.07	0.15	0.11	0.05	0.04	0.01	0.01	0.00	0.01	0.00	0.01	0.00	0.00	0.00	0.00	0.00	0.00	0.00	0.00	0.00	0.00	0.00	0.00	0.00	0.00	0.00	0.00	0.00	0.00	0.00	0.00	0.00	0.00	0.00	0.00	0.00	0.00	0.00	0.00	0.00	0.00	0.00	0.00	0.00	0.00	0.00	0.00	0.00	0.00	0.00	0.00	0.00	0.00	0.00	0.00	0.00	0.00	0.00	0.00	0.00	0.00	0.00	0.00	0.00
25.04.2023 13:31:00	600.00	0.01	0.01	0.01	0.01	0.01	39.34	211.67	0.94	0.49	0.22	0.05	0.01	0.19	0.20	0.22	0.24	0.25	490875.41	0.00	27.21	996.20	58.90	44.76	0.94	1.37	25.00	->	0.08	0.15	0.11	0.08	0.04	0.01	0.01	0.00	0.01	0.00	0.01	0.00	0.00	0.00	0.00	0.00	0.00	0.00	0.00	0.00	0.00	0.00	0.00	0.00	0.00	0.00	0.00	0.00	0.00	0.00	0.00	0.00	0.00	0.00	0.00	0.00	0.00	0.00	0.00	0.00	0.00	0.00	0.00	0.00	0.00	0.00	0.00	0.00	0.00	0.00	0.00	0.00	0.00	0.00	0.00	0.00	0.00	0.00	0.00	0.00	0.00	0.00	0.00	0.00
25.04.2023 13:32:00	600.00	0.01	0.01	0.01	0.01	0.01	39.23	212.08	0.95	0.53	0.22	0.05	0.01	0.20	0.20	0.22	0.25	0.25	532837.34	0.00	27.23	996.20	58.90	44.86	0.98	1.37	25.00	->	0.07	0.17	0.11	0.09	0.04	0.01	0.01	0.00	0.01	0.00	0.01	0.00	0.00	0.00	0.00	0.00	0.00	0.00	0.00	0.00	0.00	0.00	0.00	0.00	0.00	0.00	0.00	0.00	0.00	0.00	0.00	0.00	0.00	0.00	0.00	0.00	0.00	0.00	0.00	0.00	0.00	0.00	0.00	0.00	0.00	0.00	0.00	0.00	0.00	0.00	0.00	0.00	0.00	0.00	0.00	0.00	0.00	0.00	0.00	0.00	0.00	0.00	0.00	0.00
25.04.2023 13:33:00	600.00	0.01	0.01	0.01	0.01	0.01	39.10	212.23	0.95	0.53	0.22	0.05	0.01	0.19	0.20	0.22	0.24	0.25	534948.63	0.00	27.25	996.20	58.89	45.04	0.99	1.37	25.00	->	0.08	0.18	0.10	0.10	0.04	0.01	0.01	0.00	0.00	0.00	0.01	0.00	0.00	0.00	0.00	0.00	0.00	0.00	0.00	0.00	0.00	0.00	0.00	0.00	0.00	0.00	0.00	0.00	0.00	0.00	0.00	0.00	0.00	0.00	0.00	0.00	0.00	0.00	0.00	0.00	0.00	0.00	0.00	0.00	0.00	0.00	0.00	0.00	0.00	0.00	0.00	0.00	0.00	0.00	0.00	0.00	0.00	0.00	0.00	0.00	0.00	0.00	0.00	0.00
25.04.2023 13:34:00	600.00	0.01	0.01	0.01	0.01	0.01	38.96	212.49	0.95	0.54	0.22	0.05	0.01	0.19	0.20	0.22	0.24	0.25	544185.53	0.00	27.26	996.20	58.88	45.19	1.02	1.37	25.00	->	0.08	0.18	0.11	0.10	0.04	0.01	0.01	0.00	0.01	0.00	0.01	0.00	0.00	0.00	0.00	0.00	0.00	0.00	0.00	0.00	0.00	0.00	0.00	0.00	0.00	0.00	0.00	0.00	0.00	0.00	0.00	0.00	0.00	0.00	0.00	0.00	0.00	0.00	0.00	0.00	0.00	0.00	0.00	0.00	0.00	0.00	0.00	0.00	0.00	0.00	0.00	0.00	0.00	0.00	0.00	0.00	0.00	0.00	0.00	0.00	0.00	0.00	0.00	0.00
25.04.2023 13:35:00	600.00	0.01	0.01	0.01	0.01	0.01	38.76	212.85	0.95	0.54	0.22	0.05	0.01	0.19	0.20	0.22	0.24	0.24	540754.68	0.00	27.27	996.20	58.88	45.29	0.99	1.37	25.00	->	0.08	0.17	0.11	0.10	0.04	0.01	0.01	0.00	0.00	0.00	0.01	0.00	0.00	0.00	0.00	0.00	0.00	0.00	0.00	0.00	0.00	0.00	0.00	0.00	0.00	0.00	0.00	0.00	0.00	0.00	0.00	0.00	0.00	0.00	0.00	0.00	0.00	0.00	0.00	0.00	0.00	0.00	0.00	0.00	0.00	0.00	0.00	0.00	0.00	0.00	0.00	0.00	0.00	0.00	0.00	0.00	0.00	0.00	0.00	0.00	0.00	0.00	0.00	0.00
25.04.2023 13:36:00	600.00	0.01	0.01	0.01	0.01	0.01	38.56	213.16	0.95	0.54	0.21	0.05	0.01	0.19	0.20	0.21	0.24	0.24	542602.06	0.00	27.28	996.20	58.88	45.39	0.96	1.37	25.00	->	0.08	0.17	0.12	0.10	0.04	0.01	0.00	0.00	0.00	0.00	0.01	0.00	0.00	0.00	0.00	0.00	0.00	0.00	0.00	0.00	0.00	0.00	0.00	0.00	0.00	0.00	0.00	0.00	0.00	0.00	0.00	0.00	0.00	0.00	0.00	0.00	0.00	0.00	0.00	0.00	0.00	0.00	0.00	0.00	0.00	0.00	0.00	0.00	0.00	0.00	0.00	0.00	0.00	0.00	0.00	0.00	0.00	0.00	0.00	0.00	0.00	0.00	0.00	0.00
25.04.2023 13:37:00	600.00	0.01	0.01	0.01	0.01	0.01	38.42	213.43	0.95	0.53	0.21	0.05	0.01	0.19	0.19	0.21	0.23	0.24	528086.93	0.00	27.29	996.20	58.89	45.48	0.94	1.37	25.00	->	0.09	0.17	0.11	0.10	0.03	0.01	0.00	0.00	0.00	0.00	0.00	0.00	0.00	0.00	0.00	0.00	0.00	0.00	0.00	0.00	0.00	0.00	0.00	0.00	0.00	0.00	0.00	0.00	0.00	0.00	0.00	0.00	0.00	0.00	0.00	0.00	0.00	0.00	0.00	0.00	0.00	0.00	0.00	0.00	0.00	0.00	0.00	0.00	0.00	0.00	0.00	0.00	0.00	0.00	0.00	0.00	0.00	0.00	0.00	0.00	0.00	0.00	0.00	0.00
25.04.2023 13:38:00	600.00	0.01	0.01	0.01	0.01	0.01	38.29	213.84	0.95	0.56	0.21	0.05	0.01	0.19	0.20	0.21	0.24	0.24	557381.11	0.00	27.30	996.20	58.89	45.59	0.95	1.37	25.00	->	0.08	0.18	0.12	0.12	0.03	0.01	0.00	0.00	0.00	0.00	0.00	0.00	0.00	0.00	0.00	0.00	0.00	0.00	0.00	0.00	0.00	0.00	0.00	0.00	0.00	0.00	0.00	0.00	0.00	0.00	0.00	0.00	0.00	0.00	0.00	0.00	0.00	0.00	0.00	0.00	0.00	0.00	0.00	0.00	0.00	0.00	0.00	0.00	0.00	0.00	0.00	0.00	0.00	0.00	0.00	0.00	0.00	0.00	0.00	0.00	0.00	0.00	0.00	0.00
25.04.2023 13:39:00	600.00	0.01	0.01	0.01	0.01	0.01	38.23	214.35	0.96	0.55	0.21	0.05	0.01	0.19	0.20	0.21	0.24	0.24	550783.32	0.00	27.30	996.20	58.91	45.69	0.96	1.37	25.00	->	0.08	0.17	0.12	0.12	0.03	0.02	0.00	0.00	0.00	0.00	0.00	0.00	0.00	0.00	0.00	0.00	0.00	0.00	0.00	0.00	0.00	0.00	0.00	0.00	0.00	0.00	0.00	0.00	0.00	0.00	0.00	0.00	0.00	0.00	0.00	0.00	0.00	0.00	0.00	0.00	0.00	0.00	0.00	0.00	0.00	0.00	0.00	0.00	0.00	0.00	0.00	0.00	0.00	0.00	0.00	0.00	0.00	0.00	0.00	0.00	0.00	0.00	0.00	0.00
25.04.2023 13:40:00	600.00	0.01	0.01	0.01	0.01	0.01	38.07	214.79	0.96	0.55	0.21	0.05	0.01	0.19	0.20	0.21	0.24	0.24	551575.05	0.00	27.31	996.21	58.92	45.79	0.96	1.36	25.00	->	0.07	0.18	0.12	0.12	0.03	0.02	0.00	0.00	0.00	0.00	0.00	0.00	0.00	0.00	0.00	0.00	0.00	0.00	0.00	0.00	0.00	0.00	0.00	0.00	0.00	0.00	0.00	0.00	0.00	0.00	0.00	0.00	0.00	0.00	0.00	0.00	0.00	0.00	0.00	0.00	0.00	0.00	0.00	0.00	0.00	0.00	0.00	0.00	0.00	0.00	0.00	0.00	0.00	0.00	0.00	0.00	0.00	0.00	0.00	0.00	0.00	0.00	0.00	0.00
25.04.2023 13:41:00	600.00	0.01	0.01	0.01	0.01	0.01	37.80	215.04	0.96	0.57	0.22	0.05	0.01	0.19	0.20	0.21	0.24	0.24	566090.19	0.00	27.32	996.22	58.92	45.89	0.96	1.36	25.00	->	0.06	0.20	0.13	0.10	0.03	0.02	0.00	0.01	0.00	0.00	0.00	0.00	0.00	0.00	0.00	0.00	0.00	0.00	0.00	0.00	0.00	0.00	0.00	0.00	0.00	0.00	0.00	0.00	0.00	0.00	0.00	0.00	0.00	0.00	0.00	0.00	0.00	0.00	0.00	0.00	0.00	0.00	0.00	0.00	0.00	0.00	0.00	0.00	0.00	0.00	0.00	0.00	0.00	0.00	0.00	0.00	0.00	0.00	0.00	0.00	0.00	0.00	0.00	0.00
25.04.2023 13:42:00	600.00	0.01	0.01	0.01	0.01	0.01	37.58	215.47	0.96	0.56	0.21	0.05	0.01	0.19	0.20	0.21	0.24	0.24	555269.82	0.00	27.34	996.23	58.92	46.06	0.96	1.36	25.00	->	0.07	0.18	0.14	0.10	0.03	0.02	0.00	0.01	0.00	0.00	0.00	0.00	0.00	0.00	0.00	0.00	0.00	0.00	0.00	0.00	0.00	0.00	0.00	0.00	0.00	0.00	0.00	0.00	0.00	0.00	0.00	0.00	0.00	0.00	0.00	0.00	0.00	0.00	0.00	0.00	0.00	0.00	0.00	0.00	0.00	0.00	0.00	0.00	0.00	0.00	0.00	0.00	0.00	0.00	0.00	0.00	0.00	0.00	0.00	0.00	0.00	0.00	0.00	0.00
25.04.2023 13:43:00	600.00	0.01	0.01	0.01	0.01	0.01	37.44	216.03	0.96	0.56	0.21	0.05	0.01	0.19	0.20	0.21	0.24	0.24	563451.07	0.00	27.35	996.24	58.92	46.18	0.97	1.36	25.00	->	0.08	0.19	0.14	0.10	0.03	0.02	0.00	0.01	0.00	0.00	0.00	0.00	0.00	0.00	0.00	0.00	0.00	0.00	0.00	0.00	0.00	0.00	0.00	0.00	0.00	0.00	0.00	0.00	0.00	0.00	0.00	0.00	0.00	0.00	0.00	0.00	0.00	0.00	0.00	0.00	0.00	0.00	0.00	0.00	0.00	0.00	0.00	0.00	0.00	0.00	0.00	0.00	0.00	0.00	0.00	0.00	0.00	0.00	0.00	0.00	0.00	0.00	0.00	0.00
25.04.2023 13:44:00	600.00	0.01	0.01	0.01	0.01	0.01	37.35	216.36	0.97	0.56	0.21	0.05	0.01	0.19	0.19	0.21	0.24	0.24	560811.96	0.00	27.36	996.25	58.92	46.28	0.96	1.36	25.00	->	0.08	0.18	0.15	0.09	0.02	0.02	0.00	0.01	0.00	0.00	0.00	0.00	0.00	0.00	0.00	0.00	0.00	0.00	0.00	0.00	0.00	0.00	0.00	0.00	0.00	0.00	0.00	0.00	0.00	0.00	0.00	0.00	0.00	0.00	0.00	0.00	0.00	0.00	0.00	0.00	0.00	0.00	0.00	0.00	0.00	0.00	0.00	0.00	0.00	0.00	0.00	0.00	0.00	0.00	0.00	0.00	0.00	0.00	0.00	0.00	0.00	0.00	0.00	0.00
25.04.2023 13:45:00	600.00	0.01	0.01	0.01	0.01	0.01	37.31	216.78	0.97	0.58	0.21	0.05	0.01	0.19	0.19	0.21	0.24	0.24	579549.68	0.00	27.37	996.26	58.92	46.38	0.97	1.35	25.00	->	0.08	0.19	0.15	0.09	0.02	0.03	0.00	0.01	0.00	0.00	0.00	0.00	0.00	0.00	0.00	0.00	0.00	0.00	0.00	0.00	0.00	0.00	0.00	0.00	0.00	0.00	0.00	0.00	0.00	0.00	0.00	0.00	0.00	0.00	0.00	0.00	0.00	0.00	0.00	0.00	0.00	0.00	0.00	0.00	0.00	0.00	0.00	0.00	0.00	0.00	0.00	0.00	0.00	0.00	0.00	0.00	0.00	0.00	0.00	0.00	0.00	0.00	0.00	0.00
25.04.2023 13:46:00	600.00	0.01	0.01	0.01	0.01	0.01	37.96	217.17	0.97	0.63	0.21	0.05	0.01	0.19	0.19	0.21	0.24	0.25	634707.18	0.00	27.38	996.27	58.77	46.48	1.00	1.35	25.00	->	0.10	0.21	0.16	0.09	0.02	0.04	0.00	0.01	0.00	0.00	0.00	0.00	0.01	0.00	0.00	0.00	0.00	0.00	0.00	0.00	0.00	0.00	0.00	0.00	0.00	0.00	0.00	0.00	0.00	0.00	0.00	0.00	0.00	0.00	0.00	0.00	0.00	0.00	0.00	0.00	0.00	0.00	0.00	0.00	0.00	0.00	0.00	0.00	0.00	0.00	0.00	0.00	0.00	0.00	0.00	0.00	0.00	0.00	0.00	0.00	0.00	0.00	0.00	0.00
25.04.2023 13:47:00	600.00	0.01	0.01	0.01	0.01	0.01	40.17	217.16	0.97	0.70	0.22	0.05	0.01	0.19	0.20	0.21	0.25	0.26	704907.64	0.00	27.39	996.28	58.62	46.58	1.02	1.35	25.00	->	0.10	0.22	0.18	0.11	0.04	0.04	0.00	0.01	0.00	0.00	0.00	0.00	0.01	0.00	0.00	0.00	0.00	0.00	0.00	0.00	0.00	0.00	0.00	0.00	0.00	0.00	0.00	0.00	0.00	0.00	0.00	0.00	0.00	0.00	0.00	0.00	0.00	0.00	0.00	0.00	0.00	0.00	0.00	0.00	0.00	0.00	0.00	0.00	0.00	0.00	0.00	0.00	0.00	0.00	0.00	0.00	0.00	0.00	0.00	0.00	0.00	0.00	0.00	0.00
25.04.2023 13:48:00	600.00	0.01	0.01	0.02	0.02	0.02	42.65	217.14	0.97	0.77	0.22	0.05	0.01	0.19	0.19	0.21	0.24	0.26	771413.34	0.00	27.40	996.29	58.48	46.68	1.01	1.35	25.00	->	0.11	0.24	0.21	0.10	0.04	0.04	0.01	0.01	0.00	0.00	0.00	0.00	0.01	0.00	0.00	0.00	0.00	0.00	0.00	0.00	0.00	0.00	0.00	0.00	0.00	0.00	0.00	0.00	0.00	0.00	0.00	0.00	0.00	0.00	0.00	0.00	0.00	0.00	0.00	0.00	0.00	0.00	0.00	0.00	0.00	0.00	0.00	0.00	0.00	0.00	0.00	0.00	0.00	0.00	0.00	0.00	0.00	0.00	0.00	0.00	0.00	0.00	0.00	0.00
25.04.2023 13:49:00	600.00	0.02	0.02	0.02	0.02	0.02	44.96	217.11	0.97	0.87	0.22	0.05	0.01	0.19	0.19	0.21	0.24	0.25	867213.22	0.00	27.41	996.30	58.34	46.78	1.01	1.35	25.00	->	0.11	0.26	0.22	0.13	0.05	0.06	0.01	0.01	0.00	0.00	0.00	0.00	0.00	0.00	0.00	0.00	0.00	0.00	0.00	0.00	0.00	0.00	0.00	0.00	0.00	0.00	0.00	0.00	0.00	0.00	0.00	0.00	0.00	0.00	0.00	0.00	0.00	0.00	0.00	0.00	0.00	0.00	0.00	0.00	0.00	0.00	0.00	0.00	0.00	0.00	0.00	0.00	0.00	0.00	0.00	0.00	0.00	0.00	0.00	0.00	0.00	0.00	0.00	0.00
25.04.2023 13:50:00	600.00	0.02	0.02	0.02	0.02	0.02	47.30	216.75	0.97	0.94	0.22	0.05	0.01	0.19	0.19	0.21	0.25	0.26	941372.35	0.00	27.41	996.30	58.22	46.88	1.00	1.35	25.00	->	0.12	0.27	0.22	0.15	0.06	0.07	0.02	0.01	0.01	0.00	0.00	0.00	0.00	0.00	0.00	0.00	0.00	0.00	0.00	0.00	0.00	0.00	0.00	0.00	0.00	0.00	0.00	0.00	0.00	0.00	0.00	0.00	0.00	0.00	0.00	0.00	0.00	0.00	0.00	0.00	0.00	0.00	0.00	0.00	0.00	0.00	0.00	0.00	0.00	0.00	0.00	0.00	0.00	0.00	0.00	0.00	0.00	0.00	0.00	0.00	0.00	0.00	0.00	0.00
25.04.2023 13:51:00	600.00	0.02	0.02	0.02	0.02	0.02	49.68	216.72	0.97	0.93	0.22	0.05	0.01	0.19	0.19	0.21	0.25	0.26	934246.74	0.00	27.41	996.31	58.11	46.98	0.99	1.35	25.00	->	0.13	0.25	0.21	0.16	0.06	0.07	0.02	0.01	0.01	0.00	0.00	0.00	0.00	0.00	0.00	0.00	0.00	0.00	0.00	0.00	0.00	0.00	0.00	0.00	0.00	0.00	0.00	0.00	0.00	0.00	0.00	0.00	0.00	0.00	0.00	0.00	0.00	0.00	0.00	0.00	0.00	0.00	0.00	0.00	0.00	0.00	0.00	0.00	0.00	0.00	0.00	0.00	0.00	0.00	0.00	0.00	0.00	0.00	0.00	0.00	0.00	0.00	0.00	0.00
25.04.2023 13:52:00	600.00	0.02	0.02	0.02	0.02	0.02	51.92	216.63	0.97	0.93	0.22	0.05	0.01	0.19	0.20	0.21	0.25	0.26	926065.49	0.00	27.41	996.32	58.01	47.00	0.94	1.34	25.00	->	0.12	0.26	0.21	0.15	0.06	0.07	0.03	0.01	0.01	0.00	0.00	0.00	0.00	0.00	0.00	0.00	0.00	0.00	0.00	0.00	0.00	0.00	0.00	0.00	0.00	0.00	0.00	0.00	0.00	0.00	0.00	0.00	0.00	0.00	0.00	0.00	0.00	0.00	0.00	0.00	0.00	0.00	0.00	0.00	0.00	0.00	0.00	0.00	0.00	0.00	0.00	0.00	0.00	0.00	0.00	0.00	0.00	0.00	0.00	0.00	0.00	0.00	0.00	0.00
25.04.2023 13:53:00	600.00	0.02	0.02	0.02	0.02	0.02	54.05	216.61	0.97	0.92	0.22	0.05	0.01	0.19	0.20	0.22	0.26	0.27	923954.19	0.00	27.42	996.33	57.91	47.00	0.88	1.34	25.00	->	0.12	0.24	0.21	0.15	0.05	0.08	0.04	0.01	0.01	0.00	0.00	0.00	0.01	0.00	0.00	0.00	0.00	0.00	0.00	0.00	0.00	0.00	0.00	0.00	0.00	0.00	0.00	0.00	0.00	0.00	0.00	0.00	0.00	0.00	0.00	0.00	0.00	0.00	0.00	0.00	0.00	0.00	0.00	0.00	0.00	0.00	0.00	0.00	0.00	0.00	0.00	0.00	0.00	0.00	0.00	0.00	0.00	0.00	0.00	0.00	0.00	0.00	0.00	0.00
