timestamp	averaging[s]	PM1 [痢/m設	PM2.5 [痢/m設	PM4 [痢/m設	PM10 [痢/m設	PMtot [痢/m設	CO2 [ppm]	VOC [ppb]	VOC [mg/m設	Cn [1/cm設	M1,0 [痠]	M2,0 [痠淫	M3,0 [痠設	x10(dCn) [痠]	x16(dCn) [痠]	x50(dCn) [痠]	x84(dCn) [痠]	x90(dCn) [痠]	Cn [1/m設	PIA [1/m設	T [蚓]	p [hPa]	rH [%]	AQI - Palas	Infection Risk Index	volume flow [l/min]	power (volume flow blower) [%]	dN(痠) [P]	0.184462	0.198224	0.213013	0.228905	0.245984	0.264336	0.284057	0.30525	0.328024	0.352497	0.378797	0.407058	0.437427	0.470063	0.505133	0.54282	0.583319	0.626839	0.673606	0.723862	0.777868	0.835903	0.898268	0.965286	1.037304	1.114695	1.19786	1.28723	1.383267	1.48647	1.597372	1.716548	1.844616	1.982239	2.13013	2.289054	2.459835	2.643358	2.840573	3.052502	3.280243	3.524975	3.787966	4.070578	4.374274	4.700629	5.051333	5.428202	5.833189	6.26839	6.736061	7.238624	7.778682	8.359033	8.982682	9.652861	10.373039	11.146949	11.978599	12.872296	13.83267	14.864696	15.973718	17.165483
19.04.2023 13:22:00	61.00	0.00	0.00	0.00	0.00	0.00	480.84	0.00	0.00	0.00	NaN	NaN	NaN	NaN	NaN	NaN	NaN	NaN	0.00	0.00	16.59	916.81	33.43	0.04	0.00	0.00	11.25	->	0.00	0.00	0.00	0.00	0.00	0.00	0.00	0.00	0.00	0.00	0.00	0.00	0.00	0.00	0.00	0.00	0.00	0.00	0.00	0.00	0.00	0.00	0.00	0.00	0.00	0.00	0.00	0.00	0.00	0.00	0.00	0.00	0.00	0.00	0.00	0.00	0.00	0.00	0.00	0.00	0.00	0.00	0.00	0.00	0.00	0.00	0.00	0.00	0.00	0.00	0.00	0.00	0.00	0.00	0.00	0.00	0.00	0.00	0.00	0.00	0.00	0.00	0.00	0.00
19.04.2023 13:23:00	121.00	0.23	0.25	0.26	0.26	0.26	514.64	0.00	0.00	6.80	0.25	0.07	0.02	0.20	0.20	0.24	0.28	0.29	6797480.83	0.00	17.69	962.08	32.66	2.02	0.03	0.47	15.83	->	0.24	0.96	1.02	1.04	1.03	0.80	1.14	0.38	0.06	0.04	0.04	0.00	0.02	0.00	0.01	0.00	0.00	0.00	0.00	0.00	0.00	0.00	0.00	0.00	0.00	0.00	0.00	0.01	0.00	0.00	0.00	0.00	0.00	0.00	0.00	0.00	0.00	0.00	0.00	0.00	0.00	0.00	0.00	0.00	0.00	0.00	0.00	0.00	0.00	0.00	0.00	0.00	0.00	0.00	0.00	0.00	0.00	0.00	0.00	0.00	0.00	0.00	0.00	0.00
19.04.2023 13:24:00	181.00	0.34	0.36	0.38	0.38	0.38	533.36	0.00	0.00	9.89	0.25	0.06	0.02	0.20	0.20	0.24	0.28	0.29	9892063.32	0.00	18.18	977.17	32.25	4.24	0.06	0.71	18.12	->	0.38	1.25	1.48	1.59	1.60	1.24	1.55	0.49	0.10	0.05	0.06	0.01	0.03	0.00	0.02	0.00	0.01	0.00	0.00	0.00	0.00	0.00	0.00	0.00	0.00	0.01	0.00	0.01	0.00	0.00	0.00	0.00	0.00	0.00	0.00	0.00	0.00	0.00	0.00	0.00	0.00	0.00	0.00	0.00	0.00	0.00	0.00	0.00	0.00	0.00	0.00	0.00	0.00	0.00	0.00	0.00	0.00	0.00	0.00	0.00	0.00	0.00	0.00	0.00
19.04.2023 13:25:00	241.00	0.38	0.40	0.42	0.42	0.42	545.26	0.00	0.00	11.31	0.25	0.06	0.02	0.20	0.20	0.24	0.28	0.29	11307552.75	0.00	18.50	984.70	32.01	6.17	0.07	0.86	19.50	->	0.41	1.53	1.78	1.81	1.67	1.50	1.72	0.56	0.11	0.06	0.06	0.01	0.03	0.01	0.02	0.00	0.01	0.00	0.00	0.00	0.00	0.00	0.00	0.00	0.00	0.01	0.00	0.01	0.00	0.00	0.00	0.00	0.00	0.00	0.00	0.00	0.00	0.00	0.00	0.00	0.00	0.00	0.00	0.00	0.00	0.00	0.00	0.00	0.00	0.00	0.00	0.00	0.00	0.00	0.00	0.00	0.00	0.00	0.00	0.00	0.00	0.00	0.00	0.00
19.04.2023 13:26:00	301.00	0.89	0.92	0.96	0.96	0.96	553.08	0.00	0.00	26.07	0.25	0.06	0.02	0.20	0.20	0.24	0.28	0.29	26074457.70	0.00	18.73	989.19	31.83	7.75	0.08	0.95	20.42	->	0.91	3.56	3.97	3.69	3.79	3.81	3.66	1.55	0.47	0.27	0.16	0.07	0.04	0.03	0.02	0.01	0.03	0.01	0.00	0.00	0.00	0.00	0.00	0.00	0.00	0.01	0.01	0.01	0.00	0.00	0.00	0.00	0.00	0.00	0.00	0.00	0.00	0.00	0.00	0.00	0.00	0.00	0.00	0.00	0.00	0.00	0.00	0.00	0.00	0.00	0.00	0.00	0.00	0.00	0.00	0.00	0.00	0.00	0.00	0.00	0.00	0.00	0.00	0.00
19.04.2023 13:27:00	361.00	1.25	1.27	1.33	1.33	1.33	556.97	0.00	0.00	35.70	0.25	0.06	0.02	0.20	0.20	0.24	0.28	0.29	35700818.73	0.00	18.92	992.16	31.69	9.06	0.08	1.02	21.07	->	1.16	4.62	5.42	5.00	5.16	5.57	4.84	2.26	0.73	0.42	0.22	0.08	0.05	0.03	0.04	0.02	0.04	0.02	0.01	0.00	0.00	0.00	0.00	0.00	0.00	0.01	0.01	0.01	0.00	0.00	0.00	0.00	0.00	0.00	0.00	0.00	0.00	0.00	0.00	0.00	0.00	0.00	0.00	0.00	0.00	0.00	0.00	0.00	0.00	0.00	0.00	0.00	0.00	0.00	0.00	0.00	0.00	0.00	0.00	0.00	0.00	0.00	0.00	0.00
19.04.2023 13:28:00	421.00	1.42	1.44	1.50	1.50	1.50	558.01	0.00	0.00	40.20	0.25	0.06	0.02	0.20	0.21	0.24	0.29	0.30	40197352.55	0.00	19.08	994.27	31.57	10.05	0.08	1.07	21.56	->	1.27	5.07	6.02	5.57	5.89	6.49	5.41	2.52	0.85	0.48	0.25	0.10	0.06	0.04	0.05	0.03	0.05	0.02	0.01	0.00	0.00	0.00	0.01	0.00	0.00	0.00	0.01	0.01	0.00	0.00	0.00	0.00	0.00	0.00	0.00	0.00	0.00	0.00	0.00	0.00	0.00	0.00	0.00	0.00	0.00	0.00	0.00	0.00	0.00	0.00	0.00	0.00	0.00	0.00	0.00	0.00	0.00	0.00	0.00	0.00	0.00	0.00	0.00	0.00
19.04.2023 13:29:00	481.00	1.48	1.50	1.56	1.56	1.56	556.56	0.00	0.00	41.76	0.25	0.06	0.02	0.20	0.21	0.24	0.29	0.30	41764876.98	0.00	19.23	995.85	31.45	10.82	0.07	1.11	21.94	->	1.32	5.16	6.27	5.71	6.14	6.79	5.67	2.63	0.92	0.50	0.26	0.11	0.07	0.03	0.05	0.03	0.04	0.02	0.01	0.00	0.00	0.00	0.00	0.00	0.00	0.00	0.00	0.00	0.00	0.00	0.00	0.00	0.00	0.00	0.00	0.00	0.00	0.00	0.00	0.00	0.00	0.00	0.00	0.00	0.00	0.00	0.00	0.00	0.00	0.00	0.00	0.00	0.00	0.00	0.00	0.00	0.00	0.00	0.00	0.00	0.00	0.00	0.00	0.00
19.04.2023 13:30:00	541.00	1.48	1.50	1.57	1.57	1.57	553.62	0.34	0.00	41.84	0.25	0.06	0.02	0.20	0.21	0.24	0.29	0.30	41843962.46	0.00	19.37	997.08	31.35	11.44	0.07	1.14	22.25	->	1.32	5.11	6.34	5.70	6.10	6.79	5.80	2.59	0.92	0.51	0.25	0.12	0.07	0.03	0.05	0.03	0.05	0.02	0.01	0.00	0.00	0.00	0.00	0.00	0.00	0.00	0.00	0.00	0.00	0.00	0.00	0.00	0.00	0.00	0.00	0.00	0.00	0.00	0.00	0.00	0.00	0.00	0.00	0.00	0.00	0.00	0.00	0.00	0.00	0.00	0.00	0.00	0.00	0.00	0.00	0.00	0.00	0.00	0.00	0.00	0.00	0.00	0.00	0.00
19.04.2023 13:31:00	600.00	1.62	1.64	1.71	1.71	1.71	549.96	0.54	0.00	45.56	0.25	0.06	0.02	0.20	0.21	0.24	0.29	0.30	45562739.60	0.00	19.49	998.07	31.25	13.10	0.07	1.28	24.75	->	1.47	5.61	6.85	6.28	6.66	7.33	6.26	2.79	1.01	0.56	0.30	0.13	0.07	0.04	0.06	0.03	0.05	0.02	0.01	0.01	0.00	0.00	0.00	0.00	0.00	0.00	0.00	0.00	0.00	0.00	0.00	0.00	0.00	0.00	0.00	0.00	0.00	0.00	0.00	0.00	0.00	0.00	0.00	0.00	0.00	0.00	0.00	0.00	0.00	0.00	0.00	0.00	0.00	0.00	0.00	0.00	0.00	0.00	0.00	0.00	0.00	0.00	0.00	0.00
19.04.2023 13:32:00	600.00	1.73	1.75	1.82	1.82	1.82	552.18	1.01	0.00	48.65	0.25	0.06	0.02	0.20	0.21	0.24	0.29	0.30	48646017.85	0.00	19.91	1007.07	30.94	14.69	0.08	1.42	25.00	->	1.55	6.06	7.31	6.72	7.10	7.82	6.67	2.95	1.07	0.59	0.32	0.14	0.07	0.04	0.07	0.04	0.06	0.02	0.01	0.01	0.00	0.00	0.00	0.00	0.00	0.00	0.00	0.00	0.00	0.00	0.00	0.00	0.00	0.00	0.00	0.00	0.00	0.00	0.00	0.00	0.00	0.00	0.00	0.00	0.00	0.00	0.00	0.00	0.00	0.00	0.00	0.00	0.00	0.00	0.00	0.00	0.00	0.00	0.00	0.00	0.00	0.00	0.00	0.00
19.04.2023 13:33:00	600.00	1.74	1.76	1.84	1.84	1.84	546.40	1.32	0.01	49.09	0.25	0.06	0.02	0.20	0.21	0.24	0.29	0.30	49092820.08	0.00	20.12	1007.03	30.77	15.61	0.07	1.42	25.00	->	1.55	6.10	7.39	6.75	7.16	7.93	6.68	2.98	1.12	0.60	0.32	0.16	0.07	0.04	0.07	0.04	0.06	0.02	0.01	0.01	0.00	0.00	0.00	0.00	0.00	0.00	0.00	0.00	0.00	0.00	0.00	0.00	0.00	0.00	0.00	0.00	0.00	0.00	0.00	0.00	0.00	0.00	0.00	0.00	0.00	0.00	0.00	0.00	0.00	0.00	0.00	0.00	0.00	0.00	0.00	0.00	0.00	0.00	0.00	0.00	0.00	0.00	0.00	0.00
19.04.2023 13:34:00	600.00	1.76	1.77	1.85	1.85	1.85	536.47	1.79	0.01	49.40	0.25	0.06	0.02	0.20	0.21	0.24	0.29	0.30	49395790.49	0.00	20.30	1006.97	30.63	15.96	0.07	1.42	25.00	->	1.50	6.19	7.42	6.71	7.14	8.04	6.75	3.04	1.13	0.64	0.32	0.17	0.06	0.04	0.07	0.04	0.05	0.02	0.02	0.01	0.00	0.00	0.00	0.00	0.00	0.00	0.00	0.00	0.00	0.00	0.00	0.00	0.00	0.00	0.00	0.00	0.00	0.00	0.00	0.00	0.00	0.00	0.00	0.00	0.00	0.00	0.00	0.00	0.00	0.00	0.00	0.00	0.00	0.00	0.00	0.00	0.00	0.00	0.00	0.00	0.00	0.00	0.00	0.00
19.04.2023 13:35:00	600.00	1.78	1.79	1.87	1.87	1.87	524.32	2.34	0.01	49.65	0.25	0.06	0.02	0.20	0.21	0.24	0.29	0.30	49645186.88	0.00	20.48	1006.92	30.50	15.93	0.07	1.42	25.00	->	1.49	6.12	7.37	6.70	7.24	8.15	6.80	3.09	1.16	0.64	0.33	0.17	0.06	0.05	0.08	0.05	0.05	0.02	0.02	0.01	0.00	0.00	0.00	0.00	0.00	0.00	0.00	0.00	0.00	0.00	0.00	0.00	0.00	0.00	0.00	0.00	0.00	0.00	0.00	0.00	0.00	0.00	0.00	0.00	0.00	0.00	0.00	0.00	0.00	0.00	0.00	0.00	0.00	0.00	0.00	0.00	0.00	0.00	0.00	0.00	0.00	0.00	0.00	0.00
19.04.2023 13:36:00	600.00	1.49	1.50	1.56	1.56	1.56	510.28	2.87	0.01	41.27	0.25	0.06	0.02	0.20	0.21	0.24	0.29	0.30	41272594.04	0.00	20.64	1006.89	30.38	15.63	0.07	1.42	25.00	->	1.20	4.97	6.16	5.62	6.03	6.83	5.66	2.55	0.98	0.51	0.28	0.14	0.06	0.04	0.08	0.05	0.04	0.02	0.02	0.01	0.00	0.00	0.00	0.00	0.00	0.00	0.00	0.00	0.00	0.00	0.00	0.00	0.00	0.00	0.00	0.00	0.00	0.00	0.00	0.00	0.00	0.00	0.00	0.00	0.00	0.00	0.00	0.00	0.00	0.00	0.00	0.00	0.00	0.00	0.00	0.00	0.00	0.00	0.00	0.00	0.00	0.00	0.00	0.00
19.04.2023 13:37:00	600.00	1.21	1.23	1.28	1.28	1.28	495.86	3.59	0.02	33.45	0.25	0.07	0.02	0.20	0.21	0.24	0.29	0.30	33446298.08	0.00	20.80	1006.86	30.26	15.10	0.07	1.42	25.00	->	0.98	4.04	5.00	4.51	4.85	5.53	4.68	2.01	0.78	0.41	0.24	0.14	0.05	0.04	0.07	0.04	0.03	0.01	0.01	0.01	0.00	0.00	0.00	0.00	0.00	0.00	0.00	0.00	0.00	0.00	0.00	0.00	0.00	0.00	0.00	0.00	0.00	0.00	0.00	0.00	0.00	0.00	0.00	0.00	0.00	0.00	0.00	0.00	0.00	0.00	0.00	0.00	0.00	0.00	0.00	0.00	0.00	0.00	0.00	0.00	0.00	0.00	0.00	0.00
19.04.2023 13:38:00	600.00	0.99	1.01	1.05	1.05	1.05	481.79	4.34	0.02	27.42	0.25	0.07	0.02	0.20	0.21	0.25	0.29	0.30	27424892.96	0.00	20.95	1006.85	30.14	14.48	0.07	1.42	25.00	->	0.81	3.37	4.14	3.69	3.90	4.42	3.91	1.66	0.64	0.32	0.21	0.13	0.04	0.04	0.06	0.03	0.03	0.00	0.01	0.01	0.00	0.00	0.00	0.00	0.00	0.00	0.00	0.00	0.00	0.00	0.00	0.00	0.00	0.00	0.00	0.00	0.00	0.00	0.00	0.00	0.00	0.00	0.00	0.00	0.00	0.00	0.00	0.00	0.00	0.00	0.00	0.00	0.00	0.00	0.00	0.00	0.00	0.00	0.00	0.00	0.00	0.00	0.00	0.00
19.04.2023 13:39:00	600.00	0.83	0.85	0.89	0.89	0.89	468.57	5.41	0.02	23.14	0.25	0.07	0.02	0.20	0.21	0.24	0.29	0.30	23135275.21	0.00	21.09	1006.83	30.04	13.77	0.08	1.42	25.00	->	0.68	2.96	3.50	3.14	3.23	3.68	3.30	1.38	0.51	0.27	0.18	0.11	0.03	0.04	0.05	0.03	0.03	0.00	0.01	0.01	0.00	0.00	0.00	0.00	0.00	0.00	0.00	0.00	0.00	0.00	0.00	0.00	0.00	0.00	0.00	0.00	0.00	0.00	0.00	0.00	0.00	0.00	0.00	0.00	0.00	0.00	0.00	0.00	0.00	0.00	0.00	0.00	0.00	0.00	0.00	0.00	0.00	0.00	0.00	0.00	0.00	0.00	0.00	0.00
19.04.2023 13:40:00	600.00	0.71	0.73	0.76	0.76	0.76	455.70	6.39	0.03	19.84	0.25	0.07	0.02	0.20	0.21	0.24	0.29	0.30	19843506.87	0.00	21.23	1006.80	29.93	12.97	0.09	1.42	25.00	->	0.58	2.62	2.97	2.70	2.77	3.12	2.73	1.23	0.46	0.23	0.16	0.09	0.02	0.04	0.05	0.03	0.02	0.00	0.00	0.01	0.00	0.00	0.00	0.00	0.00	0.00	0.00	0.00	0.00	0.00	0.00	0.00	0.00	0.00	0.00	0.00	0.00	0.00	0.00	0.00	0.00	0.00	0.00	0.00	0.00	0.00	0.00	0.00	0.00	0.00	0.00	0.00	0.00	0.00	0.00	0.00	0.00	0.00	0.00	0.00	0.00	0.00	0.00	0.00
19.04.2023 13:41:00	600.00	0.61	0.62	0.65	0.65	0.65	443.01	7.75	0.04	17.01	0.25	0.07	0.02	0.20	0.21	0.24	0.29	0.30	17009097.22	0.00	21.35	1006.77	29.84	12.11	0.09	1.42	25.00	->	0.47	2.26	2.65	2.20	2.33	2.70	2.38	1.10	0.39	0.17	0.14	0.08	0.02	0.04	0.04	0.03	0.01	0.00	0.00	0.00	0.00	0.00	0.00	0.00	0.00	0.00	0.00	0.00	0.00	0.00	0.00	0.00	0.00	0.00	0.00	0.00	0.00	0.00	0.00	0.00	0.00	0.00	0.00	0.00	0.00	0.00	0.00	0.00	0.00	0.00	0.00	0.00	0.00	0.00	0.00	0.00	0.00	0.00	0.00	0.00	0.00	0.00	0.00	0.00
19.04.2023 13:42:00	600.00	0.52	0.54	0.56	0.56	0.56	430.93	9.08	0.04	14.67	0.25	0.07	0.02	0.20	0.21	0.24	0.29	0.30	14667146.41	0.00	21.48	1006.74	29.75	11.21	0.10	1.42	25.00	->	0.40	1.93	2.32	1.84	2.00	2.32	2.07	0.98	0.35	0.15	0.12	0.07	0.02	0.03	0.03	0.02	0.00	0.00	0.00	0.00	0.00	0.00	0.00	0.00	0.00	0.00	0.00	0.00	0.00	0.00	0.00	0.00	0.00	0.00	0.00	0.00	0.00	0.00	0.00	0.00	0.00	0.00	0.00	0.00	0.00	0.00	0.00	0.00	0.00	0.00	0.00	0.00	0.00	0.00	0.00	0.00	0.00	0.00	0.00	0.00	0.00	0.00	0.00	0.00
19.04.2023 13:43:00	600.00	0.57	0.58	0.61	0.61	0.61	419.20	10.88	0.05	16.10	0.25	0.06	0.02	0.20	0.21	0.24	0.29	0.30	16098074.60	0.00	21.61	1006.71	29.65	10.32	0.11	1.42	25.00	->	0.50	2.13	2.56	2.04	2.17	2.62	2.22	1.02	0.37	0.15	0.11	0.06	0.03	0.04	0.03	0.02	0.01	0.00	0.00	0.00	0.00	0.00	0.00	0.00	0.00	0.00	0.00	0.00	0.00	0.00	0.00	0.00	0.00	0.00	0.00	0.00	0.00	0.00	0.00	0.00	0.00	0.00	0.00	0.00	0.00	0.00	0.00	0.00	0.00	0.00	0.00	0.00	0.00	0.00	0.00	0.00	0.00	0.00	0.00	0.00	0.00	0.00	0.00	0.00
19.04.2023 13:44:00	600.00	1.63	1.64	1.72	1.72	1.72	408.48	12.88	0.06	46.66	0.25	0.06	0.02	0.20	0.21	0.24	0.29	0.30	46656653.14	0.00	21.72	1006.69	29.57	9.40	0.12	1.41	25.00	->	1.74	6.05	7.10	6.34	6.22	7.51	6.20	3.01	1.08	0.51	0.31	0.18	0.15	0.09	0.06	0.04	0.02	0.00	0.01	0.00	0.00	0.00	0.00	0.00	0.00	0.00	0.00	0.00	0.00	0.00	0.00	0.00	0.00	0.00	0.00	0.00	0.00	0.00	0.00	0.00	0.00	0.00	0.00	0.00	0.00	0.00	0.00	0.00	0.00	0.00	0.00	0.00	0.00	0.00	0.00	0.00	0.00	0.00	0.00	0.00	0.00	0.00	0.00	0.00
19.04.2023 13:45:00	600.00	3.63	3.65	3.81	3.81	3.81	397.90	14.87	0.07	103.68	0.25	0.06	0.02	0.20	0.20	0.24	0.29	0.30	103680278.56	0.00	21.84	1006.67	29.48	8.50	0.13	1.41	25.00	->	3.68	13.48	15.42	14.15	14.30	16.65	13.75	6.64	2.44	1.25	0.67	0.41	0.28	0.21	0.13	0.08	0.04	0.02	0.01	0.01	0.00	0.00	0.00	0.00	0.00	0.00	0.00	0.00	0.00	0.00	0.00	0.00	0.00	0.00	0.00	0.00	0.00	0.00	0.00	0.00	0.00	0.00	0.00	0.00	0.00	0.00	0.00	0.00	0.00	0.00	0.00	0.00	0.00	0.00	0.00	0.00	0.00	0.00	0.00	0.00	0.00	0.00	0.00	0.00
19.04.2023 13:46:00	600.00	6.45	6.49	6.77	6.77	6.77	387.86	17.13	0.08	182.74	0.25	0.06	0.02	0.20	0.20	0.24	0.29	0.30	182735237.58	0.00	21.95	1006.64	29.40	7.71	0.15	1.41	25.00	->	6.14	23.14	27.04	25.11	25.97	29.26	24.34	11.74	4.43	2.20	1.12	0.67	0.53	0.39	0.29	0.15	0.06	0.04	0.03	0.01	0.01	0.01	0.01	0.00	0.00	0.00	0.00	0.00	0.00	0.00	0.00	0.00	0.00	0.00	0.00	0.00	0.00	0.00	0.00	0.00	0.00	0.00	0.00	0.00	0.00	0.00	0.00	0.00	0.00	0.00	0.00	0.00	0.00	0.00	0.00	0.00	0.00	0.00	0.00	0.00	0.00	0.00	0.00	0.00
19.04.2023 13:47:00	600.00	9.58	9.61	10.03	10.03	10.03	377.97	19.53	0.09	269.80	0.25	0.06	0.02	0.20	0.20	0.24	0.29	0.30	269799382.25	0.00	22.06	1006.62	29.33	7.20	0.17	1.40	25.00	->	8.87	32.85	39.87	36.94	39.10	44.08	35.73	17.62	6.51	3.33	1.73	0.93	0.76	0.56	0.39	0.22	0.10	0.06	0.04	0.02	0.01	0.01	0.01	0.00	0.00	0.00	0.01	0.00	0.00	0.00	0.00	0.00	0.00	0.00	0.00	0.00	0.00	0.00	0.00	0.00	0.00	0.00	0.00	0.00	0.00	0.00	0.00	0.00	0.00	0.00	0.00	0.00	0.00	0.00	0.00	0.00	0.00	0.00	0.00	0.00	0.00	0.00	0.00	0.00
19.04.2023 13:48:00	600.00	12.98	13.02	13.58	13.58	13.58	367.93	22.01	0.10	362.79	0.25	0.06	0.02	0.20	0.20	0.24	0.29	0.30	362789659.35	0.00	22.16	1006.60	29.26	6.97	0.19	1.40	25.00	->	11.40	43.08	52.33	49.54	53.55	60.40	49.03	23.45	8.88	4.45	2.36	1.34	0.98	0.75	0.53	0.31	0.13	0.07	0.05	0.02	0.01	0.01	0.01	0.00	0.00	0.00	0.01	0.00	0.00	0.00	0.00	0.00	0.00	0.00	0.00	0.00	0.00	0.00	0.00	0.00	0.00	0.00	0.00	0.00	0.00	0.00	0.00	0.00	0.00	0.00	0.00	0.00	0.00	0.00	0.00	0.00	0.00	0.00	0.00	0.00	0.00	0.00	0.00	0.00
19.04.2023 13:49:00	600.00	16.62	16.67	17.39	17.39	17.39	358.10	24.58	0.11	462.24	0.25	0.06	0.02	0.20	0.21	0.24	0.29	0.30	462235477.27	0.00	22.27	1006.58	29.18	7.01	0.21	1.40	25.00	->	14.06	54.02	66.26	63.18	68.62	77.67	62.68	29.99	11.37	5.82	3.00	1.80	1.24	0.94	0.65	0.37	0.18	0.12	0.06	0.03	0.03	0.01	0.01	0.00	0.00	0.00	0.01	0.00	0.00	0.00	0.00	0.00	0.00	0.00	0.00	0.00	0.00	0.00	0.00	0.00	0.00	0.00	0.00	0.00	0.00	0.00	0.00	0.00	0.00	0.00	0.00	0.00	0.00	0.00	0.00	0.00	0.00	0.00	0.00	0.00	0.00	0.00	0.00	0.00
19.04.2023 13:50:00	600.00	20.52	20.58	21.46	21.46	21.46	348.60	27.13	0.12	568.91	0.25	0.06	0.02	0.20	0.21	0.24	0.29	0.30	568914581.22	0.00	22.37	1006.56	29.11	7.33	0.24	1.40	25.00	->	17.18	66.27	80.82	77.13	84.69	95.99	77.89	36.94	14.05	7.19	3.90	2.27	1.54	1.16	0.82	0.42	0.22	0.14	0.07	0.04	0.04	0.02	0.01	0.00	0.00	0.00	0.01	0.00	0.00	0.00	0.00	0.00	0.00	0.00	0.00	0.00	0.00	0.00	0.00	0.00	0.00	0.00	0.00	0.00	0.00	0.00	0.00	0.00	0.00	0.00	0.00	0.00	0.00	0.00	0.00	0.00	0.00	0.00	0.00	0.00	0.00	0.00	0.00	0.00
19.04.2023 13:51:00	600.00	24.75	24.82	25.89	25.89	25.89	339.48	29.74	0.14	684.98	0.25	0.06	0.02	0.20	0.21	0.24	0.29	0.30	684977587.18	0.00	22.47	1006.55	29.04	7.94	0.27	1.40	25.00	->	20.53	79.59	96.73	92.88	101.72	115.08	94.10	45.56	17.16	8.71	4.70	2.72	1.80	1.37	1.01	0.50	0.27	0.17	0.08	0.05	0.04	0.02	0.01	0.00	0.00	0.00	0.01	0.00	0.00	0.00	0.00	0.00	0.00	0.00	0.00	0.00	0.00	0.00	0.00	0.00	0.00	0.00	0.00	0.00	0.00	0.00	0.00	0.00	0.00	0.00	0.00	0.00	0.00	0.00	0.00	0.00	0.00	0.00	0.00	0.00	0.00	0.00	0.00	0.00
19.04.2023 13:52:00	600.00	29.14	29.22	30.48	30.48	30.48	330.27	32.43	0.15	805.78	0.25	0.06	0.02	0.20	0.21	0.25	0.29	0.30	805776751.47	0.00	22.56	1006.54	28.97	8.84	0.30	1.40	25.00	->	24.26	93.52	114.25	109.26	118.62	134.60	110.73	54.30	20.45	10.51	5.65	3.18	2.11	1.61	1.15	0.63	0.32	0.20	0.10	0.06	0.05	0.02	0.01	0.00	0.00	0.00	0.01	0.00	0.00	0.00	0.00	0.00	0.00	0.00	0.00	0.00	0.00	0.00	0.00	0.00	0.00	0.00	0.00	0.00	0.00	0.00	0.00	0.00	0.00	0.00	0.00	0.00	0.00	0.00	0.00	0.00	0.00	0.00	0.00	0.00	0.00	0.00	0.00	0.00
19.04.2023 13:53:00	600.00	34.09	34.18	35.65	35.65	35.65	321.10	35.14	0.16	943.73	0.25	0.06	0.02	0.20	0.21	0.25	0.29	0.30	943729898.40	0.00	22.66	1006.52	28.89	10.02	0.32	1.40	25.00	->	28.88	110.53	134.87	127.68	137.20	156.08	129.55	64.66	24.04	12.25	6.66	3.73	2.50	1.90	1.35	0.71	0.41	0.24	0.12	0.07	0.06	0.02	0.01	0.01	0.00	0.00	0.01	0.00	0.00	0.00	0.00	0.00	0.00	0.00	0.00	0.00	0.00	0.00	0.00	0.00	0.00	0.00	0.00	0.00	0.00	0.00	0.00	0.00	0.00	0.00	0.00	0.00	0.00	0.00	0.00	0.00	0.00	0.00	0.00	0.00	0.00	0.00	0.00	0.00
19.04.2023 13:54:00	600.00	38.19	38.30	39.94	39.94	39.94	311.76	37.55	0.17	1059.95	0.25	0.06	0.02	0.20	0.21	0.25	0.29	0.30	1059954680.48	0.00	22.76	1006.51	28.82	11.50	0.35	1.40	25.00	->	33.01	125.41	151.88	142.77	153.58	173.83	145.50	73.12	27.06	13.70	7.44	4.13	2.82	2.16	1.50	0.80	0.44	0.27	0.12	0.07	0.08	0.02	0.01	0.01	0.00	0.01	0.01	0.00	0.00	0.00	0.00	0.00	0.00	0.00	0.00	0.00	0.00	0.00	0.00	0.00	0.00	0.00	0.00	0.00	0.00	0.00	0.00	0.00	0.00	0.00	0.00	0.00	0.00	0.00	0.00	0.00	0.00	0.00	0.00	0.00	0.00	0.00	0.00	0.00
19.04.2023 13:55:00	600.00	41.44	41.55	43.33	43.33	43.33	302.76	40.22	0.18	1150.88	0.25	0.07	0.02	0.20	0.21	0.25	0.29	0.30	1150878795.73	0.00	22.85	1006.50	28.75	13.26	0.37	1.40	25.00	->	36.05	137.09	165.27	154.58	166.18	187.62	157.83	79.80	29.57	14.91	8.09	4.53	3.17	2.40	1.61	0.84	0.46	0.28	0.12	0.08	0.09	0.02	0.01	0.01	0.00	0.01	0.00	0.00	0.00	0.00	0.00	0.00	0.00	0.00	0.00	0.00	0.00	0.00	0.00	0.00	0.00	0.00	0.00	0.00	0.00	0.00	0.00	0.00	0.00	0.00	0.00	0.00	0.00	0.00	0.00	0.00	0.00	0.00	0.00	0.00	0.00	0.00	0.00	0.00
19.04.2023 13:56:00	600.00	43.97	44.08	45.96	45.96	45.96	294.06	42.85	0.20	1222.67	0.25	0.06	0.02	0.20	0.21	0.25	0.29	0.30	1222674604.16	0.00	22.94	1006.49	28.67	15.20	0.39	1.40	25.00	->	38.59	146.50	176.12	163.71	175.79	198.46	167.58	85.28	31.41	15.84	8.73	4.89	3.33	2.51	1.65	0.88	0.50	0.31	0.12	0.08	0.09	0.02	0.01	0.01	0.00	0.01	0.00	0.00	0.00	0.00	0.00	0.00	0.00	0.00	0.00	0.00	0.00	0.00	0.00	0.00	0.00	0.00	0.00	0.00	0.00	0.00	0.00	0.00	0.00	0.00	0.00	0.00	0.00	0.00	0.00	0.00	0.00	0.00	0.00	0.00	0.00	0.00	0.00	0.00
19.04.2023 13:57:00	600.00	46.05	46.16	48.14	48.14	48.14	285.86	45.39	0.21	1282.69	0.25	0.06	0.02	0.20	0.21	0.25	0.29	0.30	1282688347.09	0.00	23.02	1006.47	28.60	17.14	0.42	1.40	25.00	->	40.99	155.05	185.10	171.69	183.43	206.43	176.11	89.80	32.92	16.63	9.03	5.26	3.53	2.61	1.73	0.94	0.52	0.30	0.13	0.09	0.09	0.02	0.01	0.00	0.01	0.01	0.00	0.01	0.00	0.00	0.00	0.00	0.00	0.00	0.00	0.00	0.00	0.00	0.00	0.00	0.00	0.00	0.00	0.00	0.00	0.00	0.00	0.00	0.00	0.00	0.00	0.00	0.00	0.00	0.00	0.00	0.00	0.00	0.00	0.00	0.00	0.00	0.00	0.00
19.04.2023 13:58:00	600.00	47.90	48.02	50.07	50.07	50.07	278.06	48.16	0.22	1335.90	0.25	0.06	0.02	0.20	0.21	0.25	0.29	0.30	1335897129.17	0.00	23.11	1006.46	28.53	19.05	0.44	1.40	25.00	->	43.26	162.60	194.30	178.69	189.43	212.64	183.21	94.25	34.49	17.47	9.36	5.40	3.74	2.68	1.84	0.98	0.56	0.34	0.13	0.09	0.09	0.02	0.02	0.00	0.01	0.01	0.00	0.01	0.00	0.00	0.00	0.00	0.00	0.00	0.00	0.00	0.00	0.00	0.00	0.00	0.00	0.00	0.00	0.00	0.00	0.00	0.00	0.00	0.00	0.00	0.00	0.00	0.00	0.00	0.00	0.00	0.00	0.00	0.00	0.00	0.00	0.00	0.00	0.00
19.04.2023 13:59:00	600.00	49.68	49.80	51.93	51.93	51.93	270.40	50.76	0.23	1387.03	0.25	0.06	0.02	0.20	0.21	0.25	0.29	0.30	1387025499.09	0.00	23.19	1006.45	28.45	20.95	0.46	1.39	25.00	->	45.51	169.88	202.18	184.89	196.16	219.09	190.10	98.51	36.02	18.13	9.65	5.54	3.93	2.87	1.94	1.04	0.60	0.33	0.13	0.09	0.08	0.02	0.02	0.00	0.01	0.01	0.00	0.00	0.00	0.00	0.00	0.00	0.00	0.00	0.00	0.00	0.00	0.00	0.00	0.00	0.00	0.00	0.00	0.00	0.00	0.00	0.00	0.00	0.00	0.00	0.00	0.00	0.00	0.00	0.00	0.00	0.00	0.00	0.00	0.00	0.00	0.00	0.00	0.00
19.04.2023 14:00:00	600.00	51.06	51.18	53.37	53.37	53.37	263.82	53.51	0.24	1426.64	0.25	0.06	0.02	0.20	0.21	0.25	0.29	0.30	1426635450.88	0.00	23.27	1006.43	28.39	22.81	0.48	1.39	25.00	->	47.24	175.10	208.76	190.60	201.16	223.89	195.31	101.65	37.03	18.72	9.74	5.67	4.04	2.93	1.94	1.12	0.66	0.36	0.15	0.10	0.08	0.03	0.02	0.01	0.01	0.00	0.00	0.00	0.00	0.00	0.00	0.00	0.00	0.00	0.00	0.00	0.00	0.00	0.00	0.00	0.00	0.00	0.00	0.00	0.00	0.00	0.00	0.00	0.00	0.00	0.00	0.00	0.00	0.00	0.00	0.00	0.00	0.00	0.00	0.00	0.00	0.00	0.00	0.00
19.04.2023 14:01:00	600.00	52.20	52.32	54.55	54.55	54.55	258.91	55.96	0.26	1460.49	0.25	0.06	0.02	0.20	0.21	0.25	0.29	0.30	1460485797.97	0.00	23.35	1006.41	28.33	24.65	0.49	1.39	25.00	->	48.76	179.50	214.42	195.30	205.67	228.89	199.88	103.46	37.79	18.97	9.93	5.89	4.17	3.04	1.95	1.13	0.67	0.35	0.14	0.10	0.08	0.03	0.02	0.01	0.01	0.00	0.00	0.00	0.00	0.00	0.00	0.00	0.00	0.00	0.00	0.00	0.00	0.00	0.00	0.00	0.00	0.00	0.00	0.00	0.00	0.00	0.00	0.00	0.00	0.00	0.00	0.00	0.00	0.00	0.00	0.00	0.00	0.00	0.00	0.00	0.00	0.00	0.00	0.00
19.04.2023 14:02:00	600.00	53.12	53.25	55.53	55.53	55.53	254.45	58.29	0.27	1485.98	0.25	0.06	0.02	0.20	0.21	0.25	0.29	0.30	1485975424.85	0.00	23.43	1006.38	28.28	26.42	0.50	1.39	25.00	->	49.64	182.84	217.28	198.77	210.11	232.82	203.58	105.03	38.29	19.10	10.09	6.06	4.34	3.09	1.98	1.13	0.71	0.36	0.14	0.12	0.08	0.03	0.02	0.01	0.01	0.01	0.00	0.00	0.00	0.00	0.00	0.00	0.00	0.00	0.00	0.00	0.00	0.00	0.00	0.00	0.00	0.00	0.00	0.00	0.00	0.00	0.00	0.00	0.00	0.00	0.00	0.00	0.00	0.00	0.00	0.00	0.00	0.00	0.00	0.00	0.00	0.00	0.00	0.00
19.04.2023 14:03:00	600.00	53.59	53.73	56.03	56.03	56.03	250.27	60.46	0.28	1496.01	0.25	0.06	0.02	0.20	0.21	0.25	0.29	0.30	1496014882.77	0.00	23.50	1006.36	28.23	28.14	0.51	1.39	25.00	->	49.33	182.79	217.72	200.19	212.79	236.06	205.79	104.78	38.58	19.25	10.10	6.18	4.32	3.07	2.04	1.16	0.72	0.38	0.16	0.11	0.07	0.03	0.02	0.01	0.01	0.01	0.01	0.00	0.00	0.00	0.00	0.00	0.00	0.00	0.00	0.00	0.00	0.00	0.00	0.00	0.00	0.00	0.00	0.00	0.00	0.00	0.00	0.00	0.00	0.00	0.00	0.00	0.00	0.00	0.00	0.00	0.00	0.00	0.00	0.00	0.00	0.00	0.00	0.00
19.04.2023 14:04:00	600.00	53.91	54.06	56.37	56.37	56.37	246.54	62.78	0.29	1500.50	0.25	0.06	0.02	0.20	0.21	0.25	0.29	0.30	1500504283.09	0.00	23.57	1006.33	28.18	29.78	0.52	1.39	25.00	->	48.43	181.41	217.65	201.41	214.13	238.26	207.38	104.69	38.61	19.47	10.24	6.33	4.34	3.07	2.03	1.16	0.74	0.39	0.17	0.12	0.06	0.03	0.02	0.01	0.01	0.01	0.01	0.00	0.00	0.00	0.00	0.00	0.00	0.00	0.00	0.00	0.00	0.00	0.00	0.00	0.00	0.00	0.00	0.00	0.00	0.00	0.00	0.00	0.00	0.00	0.00	0.00	0.00	0.00	0.00	0.00	0.00	0.00	0.00	0.00	0.00	0.00	0.00	0.00
19.04.2023 14:05:00	600.00	54.13	54.27	56.59	56.59	56.59	242.92	64.90	0.30	1504.50	0.25	0.06	0.02	0.20	0.21	0.25	0.29	0.30	1504502277.97	0.00	23.64	1006.31	28.14	31.34	0.53	1.40	25.00	->	48.14	180.40	217.78	202.66	215.04	240.04	208.78	104.53	38.61	19.44	10.41	6.25	4.22	3.02	2.07	1.20	0.76	0.39	0.17	0.12	0.05	0.03	0.01	0.01	0.01	0.01	0.01	0.00	0.00	0.00	0.00	0.00	0.00	0.00	0.00	0.00	0.00	0.00	0.00	0.00	0.00	0.00	0.00	0.00	0.00	0.00	0.00	0.00	0.00	0.00	0.00	0.00	0.00	0.00	0.00	0.00	0.00	0.00	0.00	0.00	0.00	0.00	0.00	0.00
19.04.2023 14:06:00	600.00	53.84	53.99	56.31	56.31	56.31	241.34	67.20	0.31	1493.25	0.25	0.07	0.02	0.20	0.21	0.25	0.29	0.30	1493249354.88	0.00	23.71	1006.29	28.11	32.83	0.54	1.40	25.00	->	47.27	177.26	215.48	201.39	214.00	239.63	208.11	103.42	38.58	19.36	10.23	6.19	4.17	3.02	2.04	1.22	0.76	0.39	0.18	0.12	0.05	0.03	0.01	0.01	0.02	0.01	0.01	0.01	0.00	0.00	0.00	0.00	0.00	0.00	0.00	0.00	0.00	0.00	0.00	0.00	0.00	0.00	0.00	0.00	0.00	0.00	0.00	0.00	0.00	0.00	0.00	0.00	0.00	0.00	0.00	0.00	0.00	0.00	0.00	0.00	0.00	0.00	0.00	0.00
19.04.2023 14:07:00	600.00	53.71	53.87	56.18	56.18	56.18	242.41	69.37	0.32	1488.03	0.25	0.07	0.02	0.20	0.21	0.25	0.29	0.30	1488026283.31	0.00	23.77	1006.27	28.10	34.23	0.54	1.40	25.00	->	46.56	176.07	214.02	200.44	213.76	240.07	207.77	102.68	38.78	19.25	10.19	6.11	4.14	3.03	2.02	1.20	0.75	0.41	0.17	0.11	0.05	0.03	0.01	0.01	0.01	0.01	0.01	0.01	0.00	0.00	0.00	0.00	0.00	0.00	0.00	0.00	0.00	0.00	0.00	0.00	0.00	0.00	0.00	0.00	0.00	0.00	0.00	0.00	0.00	0.00	0.00	0.00	0.00	0.00	0.00	0.00	0.00	0.00	0.00	0.00	0.00	0.00	0.00	0.00
19.04.2023 14:08:00	600.00	53.88	54.03	56.35	56.35	56.35	244.20	71.36	0.33	1495.09	0.25	0.07	0.02	0.20	0.21	0.25	0.29	0.30	1495087502.08	0.00	23.83	1006.25	28.08	35.58	0.53	1.40	25.00	->	47.29	177.72	214.97	201.09	214.93	241.38	208.45	102.56	38.89	19.32	10.10	6.14	4.07	3.06	2.01	1.18	0.76	0.42	0.17	0.11	0.06	0.02	0.00	0.01	0.01	0.01	0.01	0.01	0.00	0.00	0.00	0.00	0.00	0.00	0.00	0.00	0.00	0.00	0.00	0.00	0.00	0.00	0.00	0.00	0.00	0.00	0.00	0.00	0.00	0.00	0.00	0.00	0.00	0.00	0.00	0.00	0.00	0.00	0.00	0.00	0.00	0.00	0.00	0.00
19.04.2023 14:09:00	600.00	53.82	53.98	56.29	56.29	56.29	246.22	73.22	0.33	1496.92	0.25	0.06	0.02	0.20	0.21	0.25	0.29	0.30	1496924061.44	0.00	23.89	1006.23	28.06	36.85	0.53	1.40	25.00	->	47.72	178.85	215.56	202.14	214.26	241.64	208.61	101.85	38.86	19.08	10.24	6.08	3.96	2.99	1.97	1.16	0.74	0.43	0.18	0.10	0.05	0.03	0.00	0.01	0.01	0.01	0.01	0.01	0.00	0.00	0.00	0.00	0.00	0.00	0.00	0.00	0.00	0.00	0.00	0.00	0.00	0.00	0.00	0.00	0.00	0.00	0.00	0.00	0.00	0.00	0.00	0.00	0.00	0.00	0.00	0.00	0.00	0.00	0.00	0.00	0.00	0.00	0.00	0.00
19.04.2023 14:10:00	600.00	54.07	54.22	56.54	56.54	56.54	247.45	74.94	0.34	1504.94	0.25	0.06	0.02	0.20	0.21	0.25	0.29	0.30	1504937472.21	0.00	23.95	1006.21	28.04	38.08	0.52	1.39	25.00	->	48.14	180.06	217.11	203.66	214.63	242.88	209.06	102.62	39.04	19.04	10.42	6.25	3.97	3.00	1.99	1.16	0.73	0.41	0.17	0.09	0.05	0.02	0.00	0.01	0.01	0.01	0.01	0.01	0.00	0.00	0.00	0.00	0.00	0.00	0.00	0.00	0.00	0.00	0.00	0.00	0.00	0.00	0.00	0.00	0.00	0.00	0.00	0.00	0.00	0.00	0.00	0.00	0.00	0.00	0.00	0.00	0.00	0.00	0.00	0.00	0.00	0.00	0.00	0.00
19.04.2023 14:11:00	600.00	54.09	54.24	56.57	56.57	56.57	247.19	76.78	0.35	1506.24	0.25	0.06	0.02	0.20	0.21	0.25	0.29	0.30	1506238291.20	0.00	24.01	1006.20	28.03	39.24	0.52	1.39	25.00	->	48.37	180.74	217.73	203.31	214.30	243.16	209.12	102.73	39.02	19.04	10.40	6.24	3.98	2.99	2.00	1.20	0.73	0.42	0.18	0.08	0.05	0.02	0.01	0.01	0.01	0.01	0.01	0.01	0.00	0.00	0.00	0.00	0.00	0.00	0.00	0.00	0.00	0.00	0.00	0.00	0.00	0.00	0.00	0.00	0.00	0.00	0.00	0.00	0.00	0.00	0.00	0.00	0.00	0.00	0.00	0.00	0.00	0.00	0.00	0.00	0.00	0.00	0.00	0.00
19.04.2023 14:12:00	600.00	54.16	54.30	56.63	56.63	56.63	246.76	78.60	0.36	1511.52	0.25	0.06	0.02	0.20	0.21	0.25	0.29	0.30	1511520480.21	0.00	24.07	1006.20	28.01	40.37	0.52	1.39	25.00	->	49.11	181.88	219.34	204.12	214.52	243.31	209.50	103.34	39.13	18.90	10.20	6.19	3.90	3.03	2.01	1.18	0.70	0.40	0.19	0.08	0.05	0.02	0.01	0.01	0.01	0.01	0.01	0.01	0.00	0.00	0.00	0.00	0.00	0.00	0.00	0.00	0.00	0.00	0.00	0.00	0.00	0.00	0.00	0.00	0.00	0.00	0.00	0.00	0.00	0.00	0.00	0.00	0.00	0.00	0.00	0.00	0.00	0.00	0.00	0.00	0.00	0.00	0.00	0.00
19.04.2023 14:13:00	600.00	54.38	54.51	56.85	56.85	56.85	246.10	80.45	0.37	1524.88	0.25	0.06	0.02	0.20	0.21	0.25	0.29	0.30	1524880737.07	0.00	24.12	1006.19	28.00	41.44	0.53	1.38	25.00	->	50.98	186.28	221.76	205.75	215.34	243.60	210.57	104.10	39.27	18.95	10.18	6.25	3.96	3.04	1.92	1.15	0.69	0.37	0.17	0.08	0.06	0.02	0.00	0.01	0.01	0.01	0.01	0.00	0.00	0.00	0.00	0.00	0.00	0.00	0.00	0.00	0.00	0.00	0.00	0.00	0.00	0.00	0.00	0.00	0.00	0.00	0.00	0.00	0.00	0.00	0.00	0.00	0.00	0.00	0.00	0.00	0.00	0.00	0.00	0.00	0.00	0.00	0.00	0.00
19.04.2023 14:14:00	600.00	54.74	54.87	57.23	57.23	57.23	245.51	82.26	0.37	1542.13	0.25	0.06	0.02	0.20	0.21	0.24	0.29	0.30	1542134742.61	0.00	24.18	1006.18	27.98	42.48	0.53	1.38	25.00	->	52.90	190.92	225.57	207.93	216.98	244.61	211.47	104.98	39.46	19.00	10.20	6.18	3.92	3.11	1.92	1.13	0.69	0.36	0.16	0.08	0.06	0.01	0.01	0.02	0.01	0.00	0.00	0.00	0.00	0.00	0.00	0.00	0.00	0.00	0.00	0.00	0.00	0.00	0.00	0.00	0.00	0.00	0.00	0.00	0.00	0.00	0.00	0.00	0.00	0.00	0.00	0.00	0.00	0.00	0.00	0.00	0.00	0.00	0.00	0.00	0.00	0.00	0.00	0.00
19.04.2023 14:15:00	600.00	55.17	55.31	57.69	57.69	57.69	244.97	83.95	0.38	1559.86	0.25	0.06	0.02	0.20	0.21	0.24	0.29	0.30	1559862208.85	0.00	24.23	1006.17	27.97	43.49	0.53	1.38	25.00	->	54.56	196.00	229.31	209.62	218.49	245.63	212.15	106.32	40.14	19.27	10.10	6.28	3.97	3.11	1.88	1.13	0.70	0.37	0.16	0.08	0.06	0.01	0.01	0.02	0.01	0.00	0.00	0.00	0.00	0.00	0.00	0.00	0.00	0.00	0.00	0.00	0.00	0.00	0.00	0.00	0.00	0.00	0.00	0.00	0.00	0.00	0.00	0.00	0.00	0.00	0.00	0.00	0.00	0.00	0.00	0.00	0.00	0.00	0.00	0.00	0.00	0.00	0.00	0.00
19.04.2023 14:16:00	600.00	56.12	56.25	58.66	58.66	58.66	242.50	85.34	0.39	1592.32	0.25	0.06	0.02	0.20	0.21	0.24	0.29	0.30	1592318309.12	0.00	24.28	1006.16	27.93	44.49	0.53	1.37	25.00	->	57.03	202.67	234.47	214.18	221.87	249.13	214.96	108.46	40.88	19.57	10.39	6.45	4.05	3.21	1.94	1.12	0.74	0.35	0.17	0.08	0.07	0.01	0.01	0.02	0.01	0.00	0.00	0.00	0.00	0.00	0.00	0.00	0.00	0.00	0.00	0.00	0.00	0.00	0.00	0.00	0.00	0.00	0.00	0.00	0.00	0.00	0.00	0.00	0.00	0.00	0.00	0.00	0.00	0.00	0.00	0.00	0.00	0.00	0.00	0.00	0.00	0.00	0.00	0.00
19.04.2023 14:17:00	600.00	56.88	57.00	59.45	59.45	59.45	237.27	86.74	0.39	1617.75	0.25	0.06	0.02	0.20	0.20	0.24	0.29	0.30	1617753308.80	0.00	24.34	1006.15	27.89	45.47	0.55	1.37	25.00	->	58.86	207.30	239.08	218.32	224.64	251.63	217.26	109.99	41.16	19.89	10.66	6.52	4.09	3.26	1.99	1.13	0.75	0.35	0.19	0.09	0.06	0.01	0.01	0.02	0.01	0.00	0.00	0.00	0.00	0.00	0.00	0.00	0.00	0.00	0.00	0.00	0.00	0.00	0.00	0.00	0.00	0.00	0.00	0.00	0.00	0.00	0.00	0.00	0.00	0.00	0.00	0.00	0.00	0.00	0.00	0.00	0.00	0.00	0.00	0.00	0.00	0.00	0.00	0.00
19.04.2023 14:18:00	600.00	57.06	57.19	59.64	59.64	59.64	231.58	88.05	0.40	1621.22	0.25	0.06	0.02	0.20	0.21	0.24	0.29	0.30	1621222164.27	0.00	24.39	1006.15	27.85	46.39	0.56	1.37	25.00	->	58.26	206.51	239.38	219.40	225.58	253.47	217.66	110.26	41.24	19.85	10.71	6.54	4.10	3.29	1.93	1.12	0.73	0.32	0.20	0.10	0.07	0.01	0.01	0.02	0.01	0.00	0.00	0.00	0.00	0.00	0.00	0.00	0.00	0.00	0.00	0.00	0.00	0.00	0.00	0.00	0.00	0.00	0.00	0.00	0.00	0.00	0.00	0.00	0.00	0.00	0.00	0.00	0.00	0.00	0.00	0.00	0.00	0.00	0.00	0.00	0.00	0.00	0.00	0.00
19.04.2023 14:19:00	600.00	57.39	57.52	59.98	59.98	59.98	225.75	89.29	0.41	1627.98	0.25	0.06	0.02	0.20	0.21	0.24	0.29	0.30	1627975924.48	0.00	24.44	1006.14	27.81	47.28	0.57	1.37	25.00	->	58.01	206.33	239.96	220.20	227.28	255.24	219.41	110.40	41.39	20.06	10.69	6.54	4.17	3.27	1.96	1.14	0.76	0.31	0.21	0.10	0.07	0.01	0.01	0.02	0.01	0.00	0.00	0.00	0.00	0.00	0.00	0.00	0.00	0.00	0.00	0.00	0.00	0.00	0.00	0.00	0.00	0.00	0.00	0.00	0.00	0.00	0.00	0.00	0.00	0.00	0.00	0.00	0.00	0.00	0.00	0.00	0.00	0.00	0.00	0.00	0.00	0.00	0.00	0.00
19.04.2023 14:20:00	600.00	57.46	57.59	60.05	60.05	60.05	219.94	90.37	0.41	1630.94	0.25	0.06	0.02	0.20	0.21	0.24	0.29	0.30	1630935953.49	0.00	24.49	1006.13	27.77	48.07	0.58	1.37	25.00	->	57.98	206.93	240.01	220.27	228.38	256.98	220.08	109.31	41.45	20.13	10.55	6.38	4.17	3.34	1.97	1.11	0.72	0.32	0.21	0.10	0.06	0.01	0.01	0.02	0.01	0.00	0.00	0.00	0.00	0.00	0.00	0.00	0.00	0.00	0.00	0.00	0.00	0.00	0.00	0.00	0.00	0.00	0.00	0.00	0.00	0.00	0.00	0.00	0.00	0.00	0.00	0.00	0.00	0.00	0.00	0.00	0.00	0.00	0.00	0.00	0.00	0.00	0.00	0.00
19.04.2023 14:21:00	600.00	57.77	57.90	60.38	60.38	60.38	214.21	91.46	0.42	1639.60	0.25	0.06	0.02	0.20	0.21	0.24	0.29	0.30	1639596737.28	0.00	24.54	1006.12	27.72	48.87	0.59	1.37	25.00	->	58.33	208.49	241.13	221.56	229.96	257.92	220.82	109.52	41.77	20.41	10.58	6.39	4.21	3.41	2.03	1.13	0.72	0.35	0.21	0.11	0.07	0.01	0.01	0.02	0.01	0.00	0.00	0.00	0.00	0.00	0.00	0.00	0.00	0.00	0.00	0.00	0.00	0.00	0.00	0.00	0.00	0.00	0.00	0.00	0.00	0.00	0.00	0.00	0.00	0.00	0.00	0.00	0.00	0.00	0.00	0.00	0.00	0.00	0.00	0.00	0.00	0.00	0.00	0.00
19.04.2023 14:22:00	600.00	57.90	58.02	60.51	60.51	60.51	208.54	92.19	0.42	1643.56	0.25	0.06	0.02	0.20	0.21	0.24	0.29	0.30	1643563853.65	0.00	24.59	1006.11	27.67	49.61	0.61	1.37	25.00	->	58.19	209.69	242.06	221.63	230.51	258.96	220.64	109.27	41.99	20.67	10.75	6.42	4.29	3.39	2.06	1.13	0.71	0.35	0.19	0.09	0.06	0.02	0.01	0.02	0.01	0.00	0.00	0.00	0.00	0.00	0.00	0.00	0.00	0.00	0.00	0.00	0.00	0.00	0.00	0.00	0.00	0.00	0.00	0.00	0.00	0.00	0.00	0.00	0.00	0.00	0.00	0.00	0.00	0.00	0.00	0.00	0.00	0.00	0.00	0.00	0.00	0.00	0.00	0.00
19.04.2023 14:23:00	600.00	56.86	57.00	59.45	59.45	59.45	212.65	93.25	0.42	1611.59	0.25	0.06	0.02	0.20	0.21	0.24	0.29	0.30	1611586222.51	0.00	24.63	1006.11	27.64	50.33	0.61	1.37	25.00	->	56.42	204.47	237.51	217.44	226.47	254.63	216.44	107.05	41.40	20.37	10.58	6.16	4.19	3.35	2.08	1.14	0.69	0.34	0.19	0.10	0.06	0.03	0.01	0.02	0.01	0.00	0.00	0.00	0.00	0.00	0.00	0.01	0.00	0.00	0.00	0.00	0.00	0.00	0.00	0.00	0.00	0.00	0.00	0.00	0.00	0.00	0.00	0.00	0.00	0.00	0.00	0.00	0.00	0.00	0.00	0.00	0.00	0.00	0.00	0.00	0.00	0.00	0.00	0.00
19.04.2023 14:24:00	600.00	55.80	55.94	58.35	58.35	58.35	220.18	94.06	0.43	1577.39	0.25	0.06	0.02	0.20	0.21	0.24	0.29	0.30	1577394110.72	0.00	24.67	1006.10	27.61	51.04	0.59	1.36	25.00	->	54.80	198.59	231.65	212.91	222.04	249.55	212.68	105.46	40.87	20.03	10.35	6.10	4.08	3.26	2.08	1.14	0.68	0.33	0.20	0.09	0.06	0.03	0.01	0.02	0.00	0.00	0.00	0.00	0.00	0.00	0.00	0.01	0.00	0.00	0.00	0.00	0.00	0.00	0.00	0.00	0.00	0.00	0.00	0.00	0.00	0.00	0.00	0.00	0.00	0.00	0.00	0.00	0.00	0.00	0.00	0.00	0.00	0.00	0.00	0.00	0.00	0.00	0.00	0.00
19.04.2023 14:25:00	600.00	54.70	54.83	57.18	57.18	57.18	226.84	95.22	0.43	1541.14	0.25	0.06	0.02	0.20	0.21	0.24	0.29	0.30	1541144277.55	0.00	24.71	1006.09	27.60	51.74	0.57	1.36	25.00	->	53.06	191.89	225.31	208.09	217.24	244.88	209.58	103.29	39.86	19.57	10.27	5.99	3.97	3.21	2.03	1.11	0.67	0.33	0.20	0.10	0.07	0.03	0.01	0.02	0.00	0.00	0.00	0.00	0.00	0.00	0.00	0.00	0.00	0.00	0.00	0.00	0.00	0.00	0.00	0.00	0.00	0.00	0.00	0.00	0.00	0.00	0.00	0.00	0.00	0.00	0.00	0.00	0.00	0.00	0.00	0.00	0.00	0.00	0.00	0.00	0.00	0.00	0.00	0.00
19.04.2023 14:26:00	600.00	53.64	53.78	56.08	56.08	56.08	233.00	96.51	0.44	1508.10	0.25	0.06	0.02	0.20	0.21	0.24	0.29	0.30	1508103610.45	0.00	24.75	1006.08	27.57	52.42	0.55	1.36	25.00	->	51.26	186.44	219.86	203.45	213.32	240.00	206.29	101.54	39.08	19.15	10.03	5.74	3.93	3.15	2.03	1.12	0.65	0.32	0.19	0.10	0.07	0.03	0.01	0.02	0.00	0.00	0.00	0.00	0.00	0.00	0.00	0.00	0.00	0.00	0.00	0.00	0.00	0.00	0.00	0.00	0.00	0.00	0.00	0.00	0.00	0.00	0.00	0.00	0.00	0.00	0.00	0.00	0.00	0.00	0.00	0.00	0.00	0.00	0.00	0.00	0.00	0.00	0.00	0.00
19.04.2023 14:27:00	600.00	52.44	52.57	54.82	54.82	54.82	239.19	97.62	0.44	1471.03	0.25	0.06	0.02	0.20	0.21	0.25	0.29	0.30	1471027207.04	0.00	24.78	1006.07	27.56	53.07	0.53	1.35	25.00	->	49.30	180.51	213.85	198.35	208.23	234.11	202.57	99.99	38.51	18.71	9.80	5.56	3.77	3.02	2.01	1.09	0.64	0.30	0.18	0.09	0.07	0.03	0.01	0.02	0.00	0.00	0.00	0.00	0.00	0.00	0.00	0.00	0.00	0.00	0.00	0.00	0.00	0.00	0.00	0.00	0.00	0.00	0.00	0.00	0.00	0.00	0.00	0.00	0.00	0.00	0.00	0.00	0.00	0.00	0.00	0.00	0.00	0.00	0.00	0.00	0.00	0.00	0.00	0.00
19.04.2023 14:28:00	600.00	51.71	51.85	54.07	54.07	54.07	244.81	98.86	0.45	1449.84	0.25	0.06	0.02	0.20	0.21	0.25	0.29	0.30	1449839596.37	0.00	24.81	1006.06	27.55	53.75	0.52	1.35	25.00	->	49.21	178.26	210.68	195.05	204.49	229.77	199.59	99.35	37.91	18.60	9.93	5.50	3.73	2.97	1.96	1.12	0.66	0.32	0.19	0.09	0.06	0.05	0.02	0.02	0.00	0.00	0.00	0.00	0.00	0.00	0.00	0.00	0.00	0.00	0.00	0.00	0.00	0.00	0.00	0.00	0.00	0.00	0.00	0.00	0.00	0.00	0.00	0.00	0.00	0.00	0.00	0.00	0.00	0.00	0.00	0.00	0.00	0.00	0.00	0.00	0.00	0.00	0.00	0.00
19.04.2023 14:29:00	600.00	51.12	51.25	53.45	53.45	53.45	250.32	100.07	0.45	1432.83	0.25	0.06	0.02	0.20	0.21	0.25	0.29	0.30	1432828914.35	0.00	24.85	1006.05	27.54	54.45	0.51	1.35	25.00	->	48.98	176.44	208.42	192.63	200.84	226.09	196.73	99.62	37.68	18.45	9.94	5.57	3.77	2.96	1.95	1.09	0.63	0.31	0.16	0.09	0.06	0.05	0.02	0.01	0.00	0.00	0.00	0.00	0.00	0.00	0.00	0.00	0.00	0.00	0.00	0.00	0.00	0.00	0.00	0.00	0.00	0.00	0.00	0.00	0.00	0.00	0.00	0.00	0.00	0.00	0.00	0.00	0.00	0.00	0.00	0.00	0.00	0.00	0.00	0.00	0.00	0.00	0.00	0.00
19.04.2023 14:30:00	600.00	50.54	50.67	52.85	52.85	52.85	255.68	101.23	0.46	1416.80	0.25	0.06	0.02	0.20	0.21	0.24	0.29	0.30	1416802890.67	0.00	24.88	1006.03	27.53	55.23	0.50	1.35	25.00	->	48.58	174.86	206.45	190.68	197.91	221.66	194.65	99.72	37.46	18.21	9.81	5.45	3.76	2.89	1.93	1.09	0.64	0.31	0.17	0.10	0.06	0.05	0.01	0.01	0.00	0.00	0.00	0.00	0.00	0.00	0.00	0.00	0.00	0.00	0.00	0.00	0.00	0.00	0.00	0.00	0.00	0.00	0.00	0.00	0.00	0.00	0.00	0.00	0.00	0.00	0.00	0.00	0.00	0.00	0.00	0.00	0.00	0.00	0.00	0.00	0.00	0.00	0.00	0.00
19.04.2023 14:31:00	600.00	49.95	50.08	52.23	52.22	52.23	260.73	102.38	0.46	1399.23	0.25	0.06	0.02	0.20	0.21	0.25	0.29	0.30	1399225330.13	0.00	24.90	1006.01	27.52	56.00	0.48	1.34	25.00	->	47.96	172.43	203.79	187.94	195.25	218.39	192.92	99.10	37.06	17.96	9.80	5.41	3.78	2.85	1.86	1.03	0.65	0.26	0.17	0.10	0.06	0.06	0.01	0.01	0.00	0.00	0.00	0.00	0.00	0.00	0.00	0.00	0.00	0.00	0.00	0.00	0.00	0.00	0.00	0.00	0.00	0.00	0.00	0.00	0.00	0.00	0.00	0.00	0.00	0.00	0.00	0.00	0.00	0.00	0.00	0.00	0.00	0.00	0.00	0.00	0.00	0.00	0.00	0.00
19.04.2023 14:32:00	600.00	49.30	49.43	51.56	51.56	51.56	265.89	103.86	0.47	1379.85	0.25	0.06	0.02	0.20	0.21	0.25	0.29	0.30	1379849214.72	0.00	24.93	1005.99	27.52	56.80	0.47	1.34	25.00	->	47.41	169.21	201.06	185.39	192.75	215.04	190.65	98.02	36.65	17.61	9.70	5.34	3.65	2.83	1.80	1.05	0.64	0.27	0.18	0.10	0.06	0.05	0.01	0.02	0.00	0.01	0.00	0.00	0.00	0.00	0.00	0.00	0.00	0.00	0.00	0.00	0.00	0.00	0.00	0.00	0.00	0.00	0.00	0.00	0.00	0.00	0.00	0.00	0.00	0.00	0.00	0.00	0.00	0.00	0.00	0.00	0.00	0.00	0.00	0.00	0.00	0.00	0.00	0.00
19.04.2023 14:33:00	600.00	49.68	49.80	51.93	51.93	51.93	261.65	104.81	0.48	1390.09	0.25	0.06	0.02	0.20	0.21	0.25	0.29	0.30	1390088979.20	0.00	24.96	1005.97	27.49	57.60	0.47	1.34	25.00	->	47.72	170.02	202.63	186.97	194.23	216.38	192.08	99.05	36.95	17.88	9.74	5.45	3.65	2.83	1.78	1.08	0.65	0.28	0.18	0.10	0.06	0.04	0.01	0.02	0.00	0.01	0.00	0.00	0.00	0.00	0.00	0.00	0.00	0.00	0.00	0.00	0.00	0.00	0.00	0.00	0.00	0.00	0.00	0.00	0.00	0.00	0.00	0.00	0.00	0.00	0.00	0.00	0.00	0.00	0.00	0.00	0.00	0.00	0.00	0.00	0.00	0.00	0.00	0.00
19.04.2023 14:34:00	600.00	50.02	50.15	52.29	52.29	52.29	253.79	105.80	0.48	1401.10	0.25	0.06	0.02	0.20	0.21	0.24	0.29	0.30	1401097520.00	0.00	25.00	1005.96	27.45	58.40	0.49	1.34	25.00	->	48.14	172.34	204.76	188.79	195.23	217.37	193.03	99.70	37.44	17.96	9.80	5.40	3.69	2.83	1.81	1.10	0.67	0.29	0.17	0.12	0.06	0.04	0.01	0.01	0.00	0.01	0.00	0.00	0.00	0.00	0.00	0.00	0.00	0.00	0.00	0.00	0.00	0.00	0.00	0.00	0.00	0.00	0.00	0.00	0.00	0.00	0.00	0.00	0.00	0.00	0.00	0.00	0.00	0.00	0.00	0.00	0.00	0.00	0.00	0.00	0.00	0.00	0.00	0.00
19.04.2023 14:35:00	600.00	50.56	50.68	52.84	52.84	52.84	246.84	106.55	0.48	1417.56	0.25	0.06	0.02	0.20	0.21	0.24	0.29	0.30	1417564545.49	0.00	25.04	1005.95	27.42	59.20	0.51	1.34	25.00	->	48.86	174.81	207.95	191.03	197.64	219.15	194.46	101.10	37.70	18.19	9.86	5.38	3.78	2.87	1.92	1.13	0.69	0.30	0.15	0.11	0.05	0.04	0.01	0.01	0.01	0.01	0.00	0.00	0.00	0.00	0.00	0.00	0.00	0.00	0.00	0.00	0.00	0.00	0.00	0.00	0.00	0.00	0.00	0.00	0.00	0.00	0.00	0.00	0.00	0.00	0.00	0.00	0.00	0.00	0.00	0.00	0.00	0.00	0.00	0.00	0.00	0.00	0.00	0.00
19.04.2023 14:36:00	600.00	50.82	50.95	53.13	53.13	53.13	240.33	107.25	0.49	1425.45	0.25	0.06	0.02	0.20	0.21	0.24	0.29	0.30	1425449959.68	0.00	25.07	1005.94	27.38	60.02	0.53	1.34	25.00	->	49.37	176.37	209.85	191.28	198.26	219.93	195.41	101.94	37.67	18.43	9.95	5.49	3.86	2.81	1.85	1.16	0.69	0.31	0.15	0.13	0.06	0.05	0.01	0.01	0.01	0.01	0.00	0.00	0.00	0.00	0.00	0.00	0.00	0.00	0.00	0.00	0.00	0.00	0.00	0.00	0.00	0.00	0.00	0.00	0.00	0.00	0.00	0.00	0.00	0.00	0.00	0.00	0.00	0.00	0.00	0.00	0.00	0.00	0.00	0.00	0.00	0.00	0.00	0.00
19.04.2023 14:37:00	600.00	51.15	51.28	53.47	53.47	53.47	233.98	108.07	0.49	1435.98	0.25	0.06	0.02	0.20	0.21	0.24	0.29	0.30	1435976599.47	0.00	25.11	1005.92	27.35	60.86	0.55	1.34	25.00	->	49.93	178.43	212.43	192.43	199.21	221.27	196.45	102.31	37.78	18.71	9.92	5.45	3.90	2.89	1.79	1.17	0.73	0.32	0.15	0.14	0.08	0.05	0.01	0.01	0.01	0.01	0.00	0.00	0.00	0.00	0.00	0.00	0.00	0.00	0.00	0.00	0.00	0.00	0.00	0.00	0.00	0.00	0.00	0.00	0.00	0.00	0.00	0.00	0.00	0.00	0.00	0.00	0.00	0.00	0.00	0.00	0.00	0.00	0.00	0.00	0.00	0.00	0.00	0.00
19.04.2023 14:38:00	600.00	51.58	51.71	53.92	53.92	53.92	228.11	108.65	0.49	1449.36	0.25	0.06	0.02	0.20	0.21	0.24	0.29	0.30	1449358497.49	0.00	25.15	1005.90	27.31	61.71	0.57	1.34	25.00	->	50.18	180.57	214.92	194.23	201.05	222.91	198.12	103.30	38.36	18.75	9.77	5.48	3.95	2.91	1.85	1.16	0.72	0.30	0.16	0.15	0.08	0.04	0.01	0.01	0.01	0.01	0.00	0.00	0.00	0.00	0.00	0.00	0.00	0.00	0.00	0.00	0.00	0.00	0.00	0.00	0.00	0.00	0.00	0.00	0.00	0.00	0.00	0.00	0.00	0.00	0.00	0.00	0.00	0.00	0.00	0.00	0.00	0.00	0.00	0.00	0.00	0.00	0.00	0.00
19.04.2023 14:39:00	600.00	51.73	51.87	54.09	54.09	54.09	222.20	109.45	0.50	1455.33	0.25	0.06	0.02	0.20	0.21	0.24	0.29	0.30	1455326065.07	0.00	25.19	1005.88	27.27	62.55	0.58	1.34	25.00	->	50.57	181.61	216.39	194.76	202.83	223.66	198.26	103.19	38.28	18.77	9.73	5.53	3.90	2.91	1.87	1.18	0.73	0.33	0.17	0.15	0.08	0.03	0.01	0.01	0.01	0.01	0.00	0.00	0.00	0.00	0.00	0.00	0.00	0.00	0.00	0.00	0.00	0.00	0.00	0.00	0.00	0.00	0.00	0.00	0.00	0.00	0.00	0.00	0.00	0.00	0.00	0.00	0.00	0.00	0.00	0.00	0.00	0.00	0.00	0.00	0.00	0.00	0.00	0.00
19.04.2023 14:40:00	600.00	52.15	52.29	54.52	54.52	54.52	216.40	110.34	0.50	1467.42	0.25	0.06	0.02	0.20	0.21	0.24	0.29	0.30	1467419544.32	0.00	25.23	1005.87	27.23	63.40	0.60	1.34	25.00	->	51.26	183.06	218.32	196.40	204.71	225.58	199.22	104.21	38.32	18.98	9.86	5.69	3.88	2.95	1.83	1.19	0.77	0.33	0.17	0.16	0.08	0.04	0.01	0.01	0.01	0.01	0.00	0.00	0.00	0.00	0.00	0.00	0.00	0.00	0.00	0.00	0.00	0.00	0.00	0.00	0.00	0.00	0.00	0.00	0.00	0.00	0.00	0.00	0.00	0.00	0.00	0.00	0.00	0.00	0.00	0.00	0.00	0.00	0.00	0.00	0.00	0.00	0.00	0.00
19.04.2023 14:41:00	600.00	52.47	52.60	54.85	54.85	54.85	210.86	111.12	0.50	1480.01	0.25	0.06	0.02	0.20	0.21	0.24	0.29	0.30	1480014720.21	0.00	25.27	1005.87	27.19	64.26	0.61	1.34	25.00	->	52.08	185.79	221.09	198.23	206.16	227.24	200.03	104.44	38.55	19.16	9.86	5.72	3.83	2.85	1.81	1.19	0.78	0.35	0.17	0.15	0.09	0.03	0.01	0.01	0.01	0.01	0.00	0.00	0.00	0.00	0.00	0.00	0.00	0.00	0.00	0.00	0.00	0.00	0.00	0.00	0.00	0.00	0.00	0.00	0.00	0.00	0.00	0.00	0.00	0.00	0.00	0.00	0.00	0.00	0.00	0.00	0.00	0.00	0.00	0.00	0.00	0.00	0.00	0.00
19.04.2023 14:42:00	600.00	52.72	52.85	55.11	55.11	55.11	205.29	111.90	0.51	1489.47	0.25	0.06	0.02	0.20	0.21	0.24	0.29	0.30	1489468028.59	0.00	25.32	1005.86	27.14	65.12	0.63	1.34	25.00	->	52.61	187.95	222.71	199.63	206.93	228.23	201.61	104.89	38.56	19.17	9.80	5.73	3.83	2.76	1.85	1.19	0.78	0.38	0.19	0.15	0.08	0.02	0.01	0.01	0.01	0.00	0.00	0.00	0.00	0.00	0.00	0.00	0.00	0.00	0.00	0.00	0.00	0.00	0.00	0.00	0.00	0.00	0.00	0.00	0.00	0.00	0.00	0.00	0.00	0.00	0.00	0.00	0.00	0.00	0.00	0.00	0.00	0.00	0.00	0.00	0.00	0.00	0.00	0.00
19.04.2023 14:43:00	600.00	52.90	53.03	55.30	55.30	55.30	199.87	112.56	0.51	1494.36	0.25	0.06	0.02	0.20	0.21	0.24	0.29	0.30	1494360159.36	0.00	25.36	1005.85	27.10	66.00	0.64	1.34	25.00	->	52.70	188.81	223.31	200.32	207.71	228.24	202.34	105.55	38.72	19.15	9.90	5.82	3.95	2.76	1.91	1.17	0.78	0.38	0.19	0.13	0.08	0.04	0.01	0.00	0.01	0.00	0.00	0.00	0.00	0.00	0.00	0.00	0.00	0.00	0.00	0.00	0.00	0.00	0.00	0.00	0.00	0.00	0.00	0.00	0.00	0.00	0.00	0.00	0.00	0.00	0.00	0.00	0.00	0.00	0.00	0.00	0.00	0.00	0.00	0.00	0.00	0.00	0.00	0.00
19.04.2023 14:44:00	600.00	52.85	52.98	55.24	55.24	55.24	194.73	113.54	0.51	1490.77	0.25	0.06	0.02	0.20	0.21	0.24	0.29	0.30	1490767797.12	0.00	25.39	1005.84	27.06	66.89	0.65	1.33	25.00	->	52.32	187.56	222.90	199.56	207.50	228.47	202.21	104.88	38.36	19.20	9.85	5.99	4.10	2.81	1.92	1.16	0.77	0.37	0.19	0.11	0.08	0.03	0.01	0.02	0.01	0.00	0.00	0.00	0.00	0.00	0.00	0.00	0.00	0.00	0.00	0.00	0.00	0.00	0.00	0.00	0.00	0.00	0.00	0.00	0.00	0.00	0.00	0.00	0.00	0.00	0.00	0.00	0.00	0.00	0.00	0.00	0.00	0.00	0.00	0.00	0.00	0.00	0.00	0.00
19.04.2023 14:45:00	600.00	51.64	51.77	53.98	53.98	53.98	189.65	114.25	0.52	1456.69	0.25	0.06	0.02	0.20	0.21	0.24	0.29	0.30	1456687845.55	0.00	25.43	1005.83	27.02	67.69	0.66	1.33	25.00	->	51.11	182.93	217.74	195.48	203.17	223.25	197.75	102.05	37.26	18.67	9.55	6.01	4.06	2.75	1.88	1.13	0.72	0.35	0.19	0.11	0.08	0.03	0.01	0.02	0.01	0.00	0.00	0.00	0.00	0.00	0.00	0.00	0.00	0.00	0.00	0.00	0.00	0.00	0.00	0.00	0.00	0.00	0.00	0.00	0.00	0.00	0.00	0.00	0.00	0.00	0.00	0.00	0.00	0.00	0.00	0.00	0.00	0.00	0.00	0.00	0.00	0.00	0.00	0.00
19.04.2023 14:46:00	600.00	49.74	49.87	52.00	52.00	52.00	184.63	114.64	0.52	1404.73	0.25	0.06	0.02	0.20	0.21	0.24	0.29	0.30	1404731321.17	0.00	25.46	1005.82	26.98	68.40	0.65	1.33	25.00	->	49.21	176.57	210.08	189.01	195.97	215.44	190.69	97.80	35.92	18.02	9.07	5.75	3.81	2.68	1.87	1.05	0.67	0.33	0.19	0.10	0.08	0.02	0.01	0.02	0.01	0.00	0.00	0.00	0.00	0.00	0.00	0.00	0.00	0.00	0.00	0.00	0.00	0.00	0.00	0.00	0.00	0.00	0.00	0.00	0.00	0.00	0.00	0.00	0.00	0.00	0.00	0.00	0.00	0.00	0.00	0.00	0.00	0.00	0.00	0.00	0.00	0.00	0.00	0.00
19.04.2023 14:47:00	600.00	47.42	47.54	49.57	49.57	49.57	179.57	115.05	0.52	1339.95	0.25	0.06	0.02	0.20	0.21	0.24	0.29	0.30	1339953447.68	0.00	25.50	1005.82	26.95	69.03	0.64	1.33	25.00	->	47.10	168.78	199.92	180.17	187.35	205.67	182.24	92.78	34.18	16.92	8.58	5.58	3.67	2.52	1.84	0.99	0.62	0.33	0.20	0.08	0.06	0.02	0.01	0.02	0.01	0.00	0.00	0.00	0.00	0.00	0.00	0.00	0.00	0.00	0.00	0.00	0.00	0.00	0.00	0.00	0.00	0.00	0.00	0.00	0.00	0.00	0.00	0.00	0.00	0.00	0.00	0.00	0.00	0.00	0.00	0.00	0.00	0.00	0.00	0.00	0.00	0.00	0.00	0.00
19.04.2023 14:48:00	600.00	44.32	44.43	46.33	46.33	46.33	174.43	115.73	0.52	1253.47	0.25	0.06	0.02	0.20	0.21	0.24	0.29	0.30	1253467531.73	0.00	25.54	1005.82	26.91	69.57	0.63	1.33	25.00	->	44.00	158.13	186.87	169.01	175.56	192.52	170.72	86.38	31.38	15.62	8.01	5.26	3.44	2.38	1.73	0.92	0.58	0.32	0.17	0.06	0.05	0.02	0.01	0.02	0.01	0.00	0.00	0.00	0.00	0.00	0.00	0.00	0.00	0.00	0.00	0.00	0.00	0.00	0.00	0.00	0.00	0.00	0.00	0.00	0.00	0.00	0.00	0.00	0.00	0.00	0.00	0.00	0.00	0.00	0.00	0.00	0.00	0.00	0.00	0.00	0.00	0.00	0.00	0.00
19.04.2023 14:49:00	600.00	40.95	41.05	42.81	42.81	42.81	169.72	116.12	0.53	1159.22	0.25	0.06	0.02	0.20	0.21	0.24	0.29	0.30	1159217076.59	0.00	25.58	1005.81	26.87	70.03	0.61	1.34	25.00	->	40.52	146.30	172.61	156.91	162.40	178.06	158.60	79.41	28.78	14.28	7.35	4.81	3.17	2.17	1.58	0.86	0.52	0.28	0.16	0.06	0.04	0.02	0.01	0.02	0.01	0.00	0.00	0.00	0.00	0.00	0.00	0.00	0.00	0.00	0.00	0.00	0.00	0.00	0.00	0.00	0.00	0.00	0.00	0.00	0.00	0.00	0.00	0.00	0.00	0.00	0.00	0.00	0.00	0.00	0.00	0.00	0.00	0.00	0.00	0.00	0.00	0.00	0.00	0.00
19.04.2023 14:50:00	600.00	37.19	37.28	38.88	38.88	38.88	165.30	116.52	0.53	1052.85	0.25	0.06	0.02	0.20	0.21	0.24	0.29	0.30	1052849387.79	0.00	25.61	1005.81	26.83	70.41	0.59	1.34	25.00	->	36.41	132.94	156.90	142.33	147.75	161.99	144.72	71.35	26.20	12.97	6.59	4.37	2.88	1.95	1.47	0.78	0.44	0.25	0.14	0.04	0.05	0.02	0.01	0.02	0.01	0.00	0.00	0.00	0.00	0.00	0.00	0.00	0.00	0.00	0.00	0.00	0.00	0.00	0.00	0.00	0.00	0.00	0.00	0.00	0.00	0.00	0.00	0.00	0.00	0.00	0.00	0.00	0.00	0.00	0.00	0.00	0.00	0.00	0.00	0.00	0.00	0.00	0.00	0.00
19.04.2023 14:51:00	600.00	33.21	33.29	34.72	34.72	34.72	160.94	116.68	0.53	938.67	0.25	0.06	0.02	0.20	0.21	0.24	0.29	0.30	938670973.92	0.00	25.65	1005.82	26.79	70.60	0.57	1.35	25.00	->	32.04	117.78	139.56	127.32	131.97	145.05	129.61	63.59	23.08	11.45	5.86	3.86	2.59	1.78	1.34	0.71	0.37	0.22	0.14	0.03	0.04	0.02	0.01	0.02	0.00	0.00	0.00	0.00	0.00	0.00	0.00	0.00	0.00	0.00	0.00	0.00	0.00	0.00	0.00	0.00	0.00	0.00	0.00	0.00	0.00	0.00	0.00	0.00	0.00	0.00	0.00	0.00	0.00	0.00	0.00	0.00	0.00	0.00	0.00	0.00	0.00	0.00	0.00	0.00
19.04.2023 14:52:00	600.00	29.29	29.36	30.62	30.62	30.62	156.54	116.75	0.53	827.93	0.25	0.06	0.02	0.20	0.21	0.24	0.29	0.30	827933702.56	0.00	25.68	1005.82	26.76	70.69	0.56	1.35	25.00	->	28.13	103.72	122.89	112.60	116.85	128.25	114.61	55.55	20.04	10.09	5.13	3.44	2.28	1.64	1.17	0.62	0.34	0.17	0.13	0.03	0.04	0.02	0.00	0.02	0.00	0.00	0.00	0.00	0.00	0.00	0.00	0.00	0.00	0.00	0.00	0.00	0.00	0.00	0.00	0.00	0.00	0.00	0.00	0.00	0.00	0.00	0.00	0.00	0.00	0.00	0.00	0.00	0.00	0.00	0.00	0.00	0.00	0.00	0.00	0.00	0.00	0.00	0.00	0.00
19.04.2023 14:53:00	600.00	25.23	25.29	26.38	26.38	26.38	152.03	116.89	0.53	716.48	0.25	0.06	0.02	0.20	0.21	0.24	0.29	0.30	716479910.61	0.00	25.71	1005.82	26.74	70.60	0.54	1.35	25.00	->	24.62	90.84	106.89	97.58	101.21	110.89	99.01	47.10	16.80	8.57	4.38	2.86	1.93	1.45	0.98	0.56	0.29	0.14	0.12	0.03	0.04	0.00	0.00	0.02	0.00	0.00	0.00	0.00	0.00	0.00	0.00	0.00	0.00	0.00	0.00	0.00	0.00	0.00	0.00	0.00	0.00	0.00	0.00	0.00	0.00	0.00	0.00	0.00	0.00	0.00	0.00	0.00	0.00	0.00	0.00	0.00	0.00	0.00	0.00	0.00	0.00	0.00	0.00	0.00
19.04.2023 14:54:00	600.00	21.14	21.19	22.10	22.10	22.10	147.61	116.78	0.53	604.89	0.25	0.06	0.02	0.20	0.20	0.24	0.29	0.30	604886773.87	0.00	25.74	1005.82	26.70	70.37	0.54	1.35	25.00	->	21.01	78.09	90.58	82.35	85.52	93.23	83.52	39.23	13.86	7.03	3.61	2.27	1.52	1.15	0.79	0.45	0.23	0.11	0.09	0.02	0.03	0.00	0.00	0.00	0.00	0.00	0.00	0.00	0.00	0.00	0.00	0.00	0.00	0.00	0.00	0.00	0.00	0.00	0.00	0.00	0.00	0.00	0.00	0.00	0.00	0.00	0.00	0.00	0.00	0.00	0.00	0.00	0.00	0.00	0.00	0.00	0.00	0.00	0.00	0.00	0.00	0.00	0.00	0.00
19.04.2023 14:55:00	600.00	17.93	17.98	18.75	18.75	18.75	143.36	117.11	0.53	517.06	0.25	0.06	0.02	0.20	0.20	0.24	0.29	0.30	517063355.79	0.00	25.77	1005.82	26.67	70.06	0.54	1.36	25.00	->	18.05	68.01	77.95	70.40	73.13	79.48	71.30	32.72	11.69	5.87	2.96	1.82	1.17	0.92	0.61	0.37	0.21	0.09	0.09	0.03	0.02	0.00	0.00	0.00	0.00	0.00	0.00	0.00	0.00	0.00	0.00	0.00	0.00	0.00	0.00	0.00	0.00	0.00	0.00	0.00	0.00	0.00	0.00	0.00	0.00	0.00	0.00	0.00	0.00	0.00	0.00	0.00	0.00	0.00	0.00	0.00	0.00	0.00	0.00	0.00	0.00	0.00	0.00	0.00
19.04.2023 14:56:00	600.00	15.42	15.45	16.11	16.11	16.11	139.47	117.48	0.53	447.34	0.25	0.06	0.02	0.20	0.20	0.24	0.29	0.30	447340308.56	0.00	25.80	1005.81	26.64	69.66	0.55	1.36	25.00	->	15.82	59.39	67.89	61.42	63.47	68.49	61.39	27.79	9.69	4.82	2.50	1.58	0.99	0.75	0.48	0.33	0.18	0.08	0.08	0.01	0.02	0.00	0.00	0.00	0.01	0.00	0.00	0.00	0.00	0.00	0.00	0.00	0.00	0.00	0.00	0.00	0.00	0.00	0.00	0.00	0.00	0.00	0.00	0.00	0.00	0.00	0.00	0.00	0.00	0.00	0.00	0.00	0.00	0.00	0.00	0.00	0.00	0.00	0.00	0.00	0.00	0.00	0.00	0.00
19.04.2023 14:57:00	600.00	13.47	13.51	14.08	14.08	14.08	135.83	118.08	0.53	393.26	0.25	0.06	0.02	0.20	0.20	0.24	0.29	0.30	393262464.53	0.00	25.83	1005.80	26.61	69.19	0.57	1.36	25.00	->	14.13	52.62	60.13	54.33	55.90	60.14	53.55	23.94	8.16	4.17	2.19	1.38	0.84	0.64	0.39	0.29	0.16	0.07	0.06	0.01	0.01	0.01	0.00	0.00	0.01	0.00	0.00	0.00	0.00	0.00	0.00	0.00	0.00	0.00	0.00	0.00	0.00	0.00	0.00	0.00	0.00	0.00	0.00	0.00	0.00	0.00	0.00	0.00	0.00	0.00	0.00	0.00	0.00	0.00	0.00	0.00	0.00	0.00	0.00	0.00	0.00	0.00	0.00	0.00
19.04.2023 14:58:00	600.00	11.93	11.96	12.47	12.47	12.47	132.26	118.32	0.54	350.73	0.25	0.06	0.02	0.20	0.20	0.24	0.29	0.30	350728902.13	0.00	25.86	1005.79	26.57	68.65	0.58	1.36	25.00	->	13.00	47.74	54.25	48.41	49.81	53.18	47.51	20.59	7.19	3.68	1.92	1.22	0.71	0.53	0.30	0.25	0.14	0.06	0.05	0.02	0.02	0.01	0.00	0.00	0.01	0.00	0.00	0.00	0.00	0.00	0.00	0.00	0.00	0.00	0.00	0.00	0.00	0.00	0.00	0.00	0.00	0.00	0.00	0.00	0.00	0.00	0.00	0.00	0.00	0.00	0.00	0.00	0.00	0.00	0.00	0.00	0.00	0.00	0.00	0.00	0.00	0.00	0.00	0.00
19.04.2023 14:59:00	600.00	10.61	10.64	11.09	11.09	11.09	128.44	118.78	0.54	314.88	0.25	0.06	0.02	0.20	0.20	0.24	0.29	0.30	314879162.11	0.00	25.89	1005.79	26.54	68.04	0.60	1.36	25.00	->	11.96	43.92	49.41	43.36	44.37	47.30	42.18	18.20	6.23	3.31	1.63	1.06	0.63	0.48	0.24	0.20	0.14	0.04	0.05	0.01	0.01	0.01	0.00	0.00	0.01	0.00	0.00	0.00	0.00	0.00	0.00	0.00	0.00	0.00	0.00	0.00	0.00	0.00	0.00	0.00	0.00	0.00	0.00	0.00	0.00	0.00	0.00	0.00	0.00	0.00	0.00	0.00	0.00	0.00	0.00	0.00	0.00	0.00	0.00	0.00	0.00	0.00	0.00	0.00
19.04.2023 15:00:00	600.00	9.49	9.52	9.92	9.92	9.92	124.83	119.30	0.54	284.89	0.25	0.06	0.02	0.20	0.20	0.24	0.28	0.29	284889313.31	0.00	25.92	1005.77	26.51	67.34	0.62	1.36	25.00	->	11.27	40.78	44.99	39.39	39.90	42.22	37.83	16.35	5.35	2.80	1.42	0.89	0.57	0.40	0.20	0.18	0.12	0.04	0.04	0.01	0.01	0.01	0.00	0.00	0.01	0.00	0.00	0.00	0.00	0.00	0.00	0.00	0.00	0.00	0.00	0.00	0.00	0.00	0.00	0.00	0.00	0.00	0.00	0.00	0.00	0.00	0.00	0.00	0.00	0.00	0.00	0.00	0.00	0.00	0.00	0.00	0.00	0.00	0.00	0.00	0.00	0.00	0.00	0.00
19.04.2023 15:01:00	600.00	8.55	8.57	8.93	8.93	8.93	121.41	119.77	0.54	259.53	0.24	0.06	0.02	0.20	0.20	0.24	0.28	0.29	259529791.97	0.00	25.95	1005.75	26.47	66.64	0.64	1.36	25.00	->	10.68	37.91	41.37	36.20	36.19	37.70	34.20	14.66	4.69	2.47	1.20	0.80	0.47	0.34	0.17	0.16	0.11	0.03	0.03	0.01	0.01	0.01	0.00	0.00	0.01	0.00	0.00	0.00	0.00	0.00	0.00	0.00	0.00	0.00	0.00	0.00	0.00	0.00	0.00	0.00	0.00	0.00	0.00	0.00	0.00	0.00	0.00	0.00	0.00	0.00	0.00	0.00	0.00	0.00	0.00	0.00	0.00	0.00	0.00	0.00	0.00	0.00	0.00	0.00
19.04.2023 15:02:00	600.00	7.78	7.80	8.13	8.13	8.13	118.21	120.58	0.55	238.25	0.24	0.06	0.02	0.20	0.20	0.24	0.28	0.29	238252189.91	0.00	25.98	1005.73	26.44	65.87	0.66	1.37	25.00	->	9.98	35.62	38.45	33.31	32.73	34.18	31.08	13.38	4.23	2.25	1.03	0.71	0.43	0.29	0.17	0.12	0.10	0.02	0.02	0.01	0.01	0.01	0.00	0.00	0.01	0.00	0.00	0.00	0.00	0.00	0.00	0.00	0.00	0.00	0.00	0.00	0.00	0.00	0.00	0.00	0.00	0.00	0.00	0.00	0.00	0.00	0.00	0.00	0.00	0.00	0.00	0.00	0.00	0.00	0.00	0.00	0.00	0.00	0.00	0.00	0.00	0.00	0.00	0.00
19.04.2023 15:03:00	600.00	6.98	7.00	7.30	7.30	7.30	115.14	121.86	0.55	214.94	0.24	0.06	0.02	0.20	0.20	0.24	0.28	0.29	214943788.79	0.00	26.01	1005.72	26.40	65.12	0.67	1.37	25.00	->	9.08	32.36	35.00	30.15	29.50	30.88	27.77	11.94	3.70	1.96	0.85	0.63	0.35	0.24	0.15	0.10	0.09	0.02	0.02	0.01	0.01	0.01	0.00	0.00	0.01	0.00	0.00	0.00	0.00	0.00	0.00	0.00	0.00	0.00	0.00	0.00	0.00	0.00	0.00	0.00	0.00	0.00	0.00	0.00	0.00	0.00	0.00	0.00	0.00	0.00	0.00	0.00	0.00	0.00	0.00	0.00	0.00	0.00	0.00	0.00	0.00	0.00	0.00	0.00
19.04.2023 15:04:00	600.00	6.32	6.34	6.61	6.61	6.61	112.28	123.15	0.56	195.93	0.24	0.06	0.02	0.20	0.20	0.24	0.28	0.29	195926852.99	0.00	26.04	1005.71	26.36	64.34	0.68	1.37	25.00	->	8.54	29.60	31.96	27.70	26.96	28.24	25.09	10.66	3.22	1.67	0.73	0.58	0.30	0.21	0.13	0.09	0.08	0.02	0.02	0.01	0.01	0.01	0.00	0.00	0.01	0.00	0.00	0.00	0.00	0.00	0.00	0.00	0.00	0.00	0.00	0.00	0.00	0.00	0.00	0.00	0.00	0.00	0.00	0.00	0.00	0.00	0.00	0.00	0.00	0.00	0.00	0.00	0.00	0.00	0.00	0.00	0.00	0.00	0.00	0.00	0.00	0.00	0.00	0.00
19.04.2023 15:05:00	600.00	5.73	5.75	5.99	5.99	5.99	109.29	124.16	0.56	177.90	0.24	0.06	0.02	0.20	0.20	0.24	0.28	0.29	177896682.11	0.00	26.07	1005.69	26.33	63.52	0.69	1.37	25.00	->	7.87	27.00	29.07	25.16	24.41	25.73	22.53	9.76	2.85	1.46	0.62	0.53	0.29	0.20	0.11	0.08	0.09	0.02	0.03	0.01	0.01	0.01	0.00	0.00	0.01	0.00	0.00	0.00	0.00	0.00	0.00	0.00	0.00	0.00	0.00	0.00	0.00	0.00	0.00	0.00	0.00	0.00	0.00	0.00	0.00	0.00	0.00	0.00	0.00	0.00	0.00	0.00	0.00	0.00	0.00	0.00	0.00	0.00	0.00	0.00	0.00	0.00	0.00	0.00
19.04.2023 15:06:00	600.00	5.20	5.22	5.44	5.44	5.44	106.28	125.22	0.57	161.86	0.24	0.06	0.02	0.20	0.20	0.24	0.28	0.29	161855084.91	0.00	26.10	1005.68	26.30	62.73	0.69	1.37	25.00	->	7.17	24.66	26.48	22.80	22.20	23.53	20.60	8.67	2.58	1.34	0.54	0.47	0.24	0.19	0.11	0.08	0.08	0.01	0.02	0.01	0.01	0.01	0.00	0.00	0.00	0.00	0.00	0.00	0.00	0.00	0.00	0.00	0.00	0.00	0.00	0.00	0.00	0.00	0.00	0.00	0.00	0.00	0.00	0.00	0.00	0.00	0.00	0.00	0.00	0.00	0.00	0.00	0.00	0.00	0.00	0.00	0.00	0.00	0.00	0.00	0.00	0.00	0.00	0.00
19.04.2023 15:07:00	600.00	4.76	4.77	4.97	4.97	4.97	103.30	126.18	0.57	148.42	0.24	0.06	0.02	0.20	0.20	0.24	0.28	0.29	148419877.55	0.00	26.13	1005.68	26.27	61.91	0.70	1.37	25.00	->	6.59	22.73	24.28	21.01	20.44	21.57	18.76	7.86	2.37	1.17	0.46	0.42	0.22	0.18	0.10	0.09	0.07	0.01	0.02	0.01	0.01	0.00	0.00	0.00	0.00	0.00	0.00	0.00	0.00	0.00	0.00	0.00	0.00	0.00	0.00	0.00	0.00	0.00	0.00	0.00	0.00	0.00	0.00	0.00	0.00	0.00	0.00	0.00	0.00	0.00	0.00	0.00	0.00	0.00	0.00	0.00	0.00	0.00	0.00	0.00	0.00	0.00	0.00	0.00
19.04.2023 15:08:00	600.00	4.38	4.38	4.57	4.57	4.57	100.66	127.59	0.58	137.49	0.24	0.06	0.02	0.20	0.20	0.24	0.28	0.29	137494204.84	0.00	26.16	1005.67	26.24	61.08	0.72	1.37	25.00	->	6.18	21.14	22.71	19.52	18.82	19.98	17.20	7.28	2.17	1.08	0.40	0.36	0.19	0.16	0.10	0.08	0.06	0.01	0.02	0.00	0.00	0.00	0.00	0.00	0.00	0.00	0.00	0.00	0.00	0.00	0.00	0.00	0.00	0.00	0.00	0.00	0.00	0.00	0.00	0.00	0.00	0.00	0.00	0.00	0.00	0.00	0.00	0.00	0.00	0.00	0.00	0.00	0.00	0.00	0.00	0.00	0.00	0.00	0.00	0.00	0.00	0.00	0.00	0.00
19.04.2023 15:09:00	600.00	4.04	4.04	4.22	4.22	4.22	98.29	128.74	0.58	127.65	0.24	0.06	0.02	0.20	0.20	0.24	0.28	0.29	127649249.64	0.00	26.18	1005.66	26.21	60.24	0.73	1.37	25.00	->	5.90	19.68	21.10	18.13	17.67	18.48	15.83	6.61	2.03	0.98	0.36	0.31	0.15	0.13	0.10	0.08	0.06	0.00	0.01	0.00	0.00	0.00	0.00	0.00	0.00	0.00	0.00	0.00	0.00	0.00	0.00	0.00	0.00	0.00	0.00	0.00	0.00	0.00	0.00	0.00	0.00	0.00	0.00	0.00	0.00	0.00	0.00	0.00	0.00	0.00	0.00	0.00	0.00	0.00	0.00	0.00	0.00	0.00	0.00	0.00	0.00	0.00	0.00	0.00
19.04.2023 15:10:00	600.00	3.71	3.71	3.87	3.87	3.87	95.93	129.76	0.59	117.85	0.24	0.06	0.02	0.20	0.20	0.24	0.28	0.29	117849423.35	0.00	26.22	1005.65	26.18	59.41	0.75	1.37	25.00	->	5.55	18.26	19.70	16.84	16.33	16.99	14.50	5.91	1.79	0.89	0.31	0.27	0.12	0.11	0.10	0.07	0.05	0.00	0.01	0.00	0.00	0.00	0.00	0.00	0.00	0.00	0.00	0.00	0.00	0.00	0.00	0.00	0.00	0.00	0.00	0.00	0.00	0.00	0.00	0.00	0.00	0.00	0.00	0.00	0.00	0.00	0.00	0.00	0.00	0.00	0.00	0.00	0.00	0.00	0.00	0.00	0.00	0.00	0.00	0.00	0.00	0.00	0.00	0.00
19.04.2023 15:11:00	600.00	3.42	3.42	3.57	3.57	3.57	93.68	131.17	0.59	109.41	0.24	0.06	0.02	0.20	0.20	0.24	0.28	0.29	109405838.15	0.00	26.25	1005.64	26.16	58.57	0.75	1.36	25.00	->	5.20	17.21	18.46	15.59	15.24	15.68	13.26	5.30	1.66	0.79	0.30	0.23	0.13	0.10	0.09	0.07	0.05	0.00	0.01	0.00	0.00	0.00	0.00	0.00	0.00	0.00	0.00	0.00	0.00	0.00	0.00	0.00	0.00	0.00	0.00	0.00	0.00	0.00	0.00	0.00	0.00	0.00	0.00	0.00	0.00	0.00	0.00	0.00	0.00	0.00	0.00	0.00	0.00	0.00	0.00	0.00	0.00	0.00	0.00	0.00	0.00	0.00	0.00	0.00
19.04.2023 15:12:00	600.00	3.16	3.16	3.30	3.30	3.30	91.45	132.27	0.60	102.15	0.24	0.06	0.02	0.20	0.20	0.23	0.28	0.29	102146951.73	0.00	26.28	1005.63	26.14	57.73	0.76	1.36	25.00	->	5.04	16.19	17.37	14.62	14.34	14.44	12.20	4.86	1.51	0.70	0.28	0.19	0.11	0.09	0.07	0.06	0.04	0.00	0.01	0.00	0.00	0.00	0.00	0.00	0.00	0.00	0.00	0.00	0.00	0.00	0.00	0.00	0.00	0.00	0.00	0.00	0.00	0.00	0.00	0.00	0.00	0.00	0.00	0.00	0.00	0.00	0.00	0.00	0.00	0.00	0.00	0.00	0.00	0.00	0.00	0.00	0.00	0.00	0.00	0.00	0.00	0.00	0.00	0.00
19.04.2023 15:13:00	600.00	2.93	2.94	3.06	3.06	3.06	89.11	133.10	0.60	95.10	0.24	0.06	0.02	0.20	0.20	0.23	0.28	0.29	95100778.22	0.00	26.30	1005.62	26.12	56.88	0.77	1.36	25.00	->	4.79	15.08	16.23	13.61	13.27	13.35	11.37	4.53	1.42	0.63	0.27	0.18	0.10	0.09	0.07	0.05	0.03	0.00	0.01	0.00	0.00	0.00	0.00	0.00	0.00	0.00	0.00	0.00	0.00	0.00	0.00	0.00	0.00	0.00	0.00	0.00	0.00	0.00	0.00	0.00	0.00	0.00	0.00	0.00	0.00	0.00	0.00	0.00	0.00	0.00	0.00	0.00	0.00	0.00	0.00	0.00	0.00	0.00	0.00	0.00	0.00	0.00	0.00	0.00
19.04.2023 15:14:00	600.00	2.71	2.71	2.83	2.83	2.83	86.85	134.03	0.61	88.17	0.24	0.06	0.02	0.20	0.20	0.23	0.28	0.29	88165975.33	0.00	26.32	1005.61	26.11	56.01	0.78	1.36	25.00	->	4.47	14.09	15.21	12.68	12.27	12.12	10.46	4.22	1.28	0.61	0.24	0.18	0.09	0.08	0.05	0.05	0.03	0.00	0.01	0.00	0.00	0.00	0.00	0.00	0.00	0.00	0.00	0.00	0.00	0.00	0.00	0.00	0.00	0.00	0.00	0.00	0.00	0.00	0.00	0.00	0.00	0.00	0.00	0.00	0.00	0.00	0.00	0.00	0.00	0.00	0.00	0.00	0.00	0.00	0.00	0.00	0.00	0.00	0.00	0.00	0.00	0.00	0.00	0.00
19.04.2023 15:15:00	600.00	2.51	2.51	2.62	2.62	2.62	84.90	135.12	0.61	82.17	0.24	0.06	0.02	0.20	0.20	0.23	0.28	0.29	82167266.65	0.00	26.35	1005.61	26.09	55.13	0.78	1.36	25.00	->	4.23	13.28	14.15	11.89	11.36	11.14	9.83	3.87	1.18	0.56	0.24	0.15	0.08	0.05	0.05	0.05	0.02	0.00	0.00	0.00	0.00	0.00	0.00	0.00	0.00	0.00	0.00	0.00	0.00	0.00	0.00	0.00	0.00	0.00	0.00	0.00	0.00	0.00	0.00	0.00	0.00	0.00	0.00	0.00	0.00	0.00	0.00	0.00	0.00	0.00	0.00	0.00	0.00	0.00	0.00	0.00	0.00	0.00	0.00	0.00	0.00	0.00	0.00	0.00
19.04.2023 15:16:00	600.00	2.33	2.33	2.43	2.43	2.43	83.10	136.20	0.62	76.72	0.24	0.06	0.02	0.20	0.20	0.23	0.28	0.29	76718549.53	0.00	26.38	1005.60	26.08	54.22	0.79	1.36	25.00	->	3.95	12.50	13.36	11.16	10.55	10.26	9.14	3.62	1.09	0.50	0.21	0.12	0.08	0.04	0.05	0.04	0.02	0.00	0.00	0.00	0.00	0.00	0.00	0.00	0.00	0.00	0.00	0.00	0.00	0.00	0.00	0.00	0.00	0.00	0.00	0.00	0.00	0.00	0.00	0.00	0.00	0.00	0.00	0.00	0.00	0.00	0.00	0.00	0.00	0.00	0.00	0.00	0.00	0.00	0.00	0.00	0.00	0.00	0.00	0.00	0.00	0.00	0.00	0.00
19.04.2023 15:17:00	600.00	2.16	2.16	2.25	2.25	2.25	81.27	137.17	0.62	71.51	0.24	0.06	0.01	0.20	0.20	0.23	0.28	0.29	71513950.42	0.00	26.41	1005.60	26.07	53.26	0.79	1.36	25.00	->	3.69	11.76	12.67	10.31	9.85	9.51	8.37	3.35	1.01	0.43	0.21	0.11	0.08	0.04	0.05	0.02	0.02	0.00	0.00	0.00	0.00	0.00	0.00	0.00	0.00	0.00	0.00	0.00	0.00	0.00	0.00	0.00	0.00	0.00	0.00	0.00	0.00	0.00	0.00	0.00	0.00	0.00	0.00	0.00	0.00	0.00	0.00	0.00	0.00	0.00	0.00	0.00	0.00	0.00	0.00	0.00	0.00	0.00	0.00	0.00	0.00	0.00	0.00	0.00
19.04.2023 15:18:00	600.00	1.99	1.99	2.08	2.08	2.08	79.33	137.87	0.62	66.36	0.24	0.06	0.01	0.20	0.20	0.23	0.28	0.29	66360022.50	0.00	26.43	1005.60	26.06	52.22	0.80	1.36	25.00	->	3.50	11.06	11.64	9.61	9.22	8.77	7.64	3.07	0.95	0.40	0.19	0.10	0.09	0.03	0.05	0.01	0.01	0.00	0.00	0.00	0.00	0.00	0.00	0.00	0.00	0.00	0.00	0.00	0.00	0.00	0.00	0.00	0.00	0.00	0.00	0.00	0.00	0.00	0.00	0.00	0.00	0.00	0.00	0.00	0.00	0.00	0.00	0.00	0.00	0.00	0.00	0.00	0.00	0.00	0.00	0.00	0.00	0.00	0.00	0.00	0.00	0.00	0.00	0.00
19.04.2023 15:19:00	600.00	1.84	1.85	1.93	1.93	1.93	77.40	138.81	0.63	61.72	0.24	0.06	0.01	0.19	0.20	0.23	0.28	0.29	61723625.11	0.00	26.46	1005.59	26.05	51.12	0.80	1.36	25.00	->	3.36	10.53	10.77	8.84	8.45	8.18	7.00	2.89	0.84	0.38	0.20	0.10	0.08	0.03	0.05	0.01	0.01	0.00	0.00	0.00	0.00	0.00	0.00	0.00	0.00	0.00	0.00	0.00	0.00	0.00	0.00	0.00	0.00	0.00	0.00	0.00	0.00	0.00	0.00	0.00	0.00	0.00	0.00	0.00	0.00	0.00	0.00	0.00	0.00	0.00	0.00	0.00	0.00	0.00	0.00	0.00	0.00	0.00	0.00	0.00	0.00	0.00	0.00	0.00
19.04.2023 15:20:00	600.00	1.72	1.73	1.80	1.80	1.80	75.52	139.84	0.63	58.09	0.24	0.06	0.01	0.19	0.20	0.23	0.28	0.29	58094049.99	0.00	26.49	1005.59	26.04	49.94	0.81	1.36	25.00	->	3.17	10.05	10.25	8.30	7.90	7.67	6.47	2.71	0.79	0.35	0.17	0.08	0.07	0.03	0.04	0.01	0.00	0.00	0.00	0.00	0.00	0.00	0.00	0.00	0.00	0.00	0.00	0.00	0.00	0.00	0.00	0.00	0.00	0.00	0.00	0.00	0.00	0.00	0.00	0.00	0.00	0.00	0.00	0.00	0.00	0.00	0.00	0.00	0.00	0.00	0.00	0.00	0.00	0.00	0.00	0.00	0.00	0.00	0.00	0.00	0.00	0.00	0.00	0.00
19.04.2023 15:21:00	600.00	1.61	1.61	1.68	1.68	1.68	73.52	140.70	0.64	54.47	0.24	0.06	0.01	0.19	0.20	0.23	0.28	0.29	54472392.28	0.00	26.51	1005.59	26.03	48.70	0.82	1.36	25.00	->	3.10	9.44	9.55	7.81	7.25	7.20	6.11	2.50	0.79	0.35	0.14	0.08	0.06	0.03	0.04	0.01	0.00	0.00	0.00	0.00	0.00	0.00	0.00	0.00	0.00	0.00	0.00	0.00	0.00	0.00	0.00	0.00	0.00	0.00	0.00	0.00	0.00	0.00	0.00	0.00	0.00	0.00	0.00	0.00	0.00	0.00	0.00	0.00	0.00	0.00	0.00	0.00	0.00	0.00	0.00	0.00	0.00	0.00	0.00	0.00	0.00	0.00	0.00	0.00
19.04.2023 15:22:00	600.00	1.52	1.52	1.59	1.59	1.59	71.68	141.57	0.64	51.49	0.24	0.06	0.01	0.19	0.20	0.23	0.28	0.29	51487817.05	0.00	26.54	1005.58	26.02	47.38	0.83	1.36	25.00	->	2.97	9.01	9.06	7.33	6.80	6.83	5.77	2.32	0.71	0.33	0.13	0.07	0.06	0.02	0.04	0.01	0.00	0.00	0.00	0.00	0.00	0.00	0.00	0.00	0.00	0.00	0.00	0.00	0.00	0.00	0.00	0.00	0.00	0.00	0.00	0.00	0.00	0.00	0.00	0.00	0.00	0.00	0.00	0.00	0.00	0.00	0.00	0.00	0.00	0.00	0.00	0.00	0.00	0.00	0.00	0.00	0.00	0.00	0.00	0.00	0.00	0.00	0.00	0.00
19.04.2023 15:23:00	600.00	1.41	1.41	1.47	1.47	1.47	70.00	142.45	0.64	48.00	0.24	0.06	0.01	0.19	0.20	0.23	0.28	0.29	48004185.01	0.00	26.58	1005.58	26.00	46.02	0.84	1.35	25.00	->	2.85	8.48	8.49	6.86	6.30	6.26	5.32	2.15	0.64	0.31	0.14	0.05	0.05	0.02	0.04	0.01	0.00	0.00	0.00	0.00	0.00	0.00	0.00	0.00	0.00	0.00	0.00	0.00	0.00	0.00	0.00	0.00	0.00	0.00	0.00	0.00	0.00	0.00	0.00	0.00	0.00	0.00	0.00	0.00	0.00	0.00	0.00	0.00	0.00	0.00	0.00	0.00	0.00	0.00	0.00	0.00	0.00	0.00	0.00	0.00	0.00	0.00	0.00	0.00
19.04.2023 15:24:00	600.00	1.30	1.31	1.36	1.36	1.36	68.27	143.39	0.65	44.56	0.24	0.06	0.01	0.19	0.20	0.23	0.28	0.29	44562778.85	0.00	26.61	1005.59	25.99	44.63	0.83	1.35	25.00	->	2.59	8.00	7.88	6.27	5.85	5.84	4.92	1.98	0.65	0.29	0.12	0.04	0.04	0.02	0.04	0.01	0.00	0.00	0.00	0.00	0.00	0.00	0.00	0.00	0.00	0.00	0.00	0.00	0.00	0.00	0.00	0.00	0.00	0.00	0.00	0.00	0.00	0.00	0.00	0.00	0.00	0.00	0.00	0.00	0.00	0.00	0.00	0.00	0.00	0.00	0.00	0.00	0.00	0.00	0.00	0.00	0.00	0.00	0.00	0.00	0.00	0.00	0.00	0.00
19.04.2023 15:25:00	600.00	1.21	1.21	1.27	1.27	1.27	66.36	142.47	0.64	41.86	0.24	0.06	0.01	0.19	0.20	0.23	0.28	0.29	41860061.04	0.00	26.64	1005.65	25.78	43.19	0.83	1.35	25.00	->	2.45	7.58	7.57	5.87	5.45	5.50	4.52	1.83	0.60	0.26	0.11	0.03	0.04	0.02	0.02	0.00	0.00	0.00	0.00	0.00	0.00	0.00	0.00	0.00	0.00	0.00	0.00	0.00	0.00	0.00	0.00	0.00	0.00	0.00	0.00	0.00	0.00	0.00	0.00	0.00	0.00	0.00	0.00	0.00	0.00	0.00	0.00	0.00	0.00	0.00	0.00	0.00	0.00	0.00	0.00	0.00	0.00	0.00	0.00	0.00	0.00	0.00	0.00	0.00
19.04.2023 15:26:00	600.00	1.12	1.12	1.17	1.17	1.17	64.00	137.26	0.62	39.27	0.24	0.06	0.01	0.19	0.20	0.23	0.28	0.29	39270297.35	0.00	26.69	1005.70	25.36	41.73	0.84	1.35	25.00	->	2.41	7.31	7.17	5.61	5.05	5.08	3.99	1.64	0.55	0.22	0.10	0.03	0.04	0.02	0.02	0.00	0.00	0.01	0.00	0.00	0.00	0.00	0.00	0.00	0.00	0.00	0.00	0.00	0.00	0.00	0.00	0.00	0.00	0.00	0.00	0.00	0.00	0.00	0.00	0.00	0.00	0.00	0.00	0.00	0.00	0.00	0.00	0.00	0.00	0.00	0.00	0.00	0.00	0.00	0.00	0.00	0.00	0.00	0.00	0.00	0.00	0.00	0.00	0.00
19.04.2023 15:27:00	600.00	1.04	1.05	1.12	1.12	1.12	61.28	127.44	0.58	36.68	0.24	0.06	0.02	0.19	0.20	0.23	0.27	0.29	36675519.39	0.00	26.74	1005.75	24.76	40.30	0.84	1.35	25.00	->	2.33	6.93	6.69	5.30	4.65	4.67	3.66	1.52	0.50	0.20	0.09	0.03	0.04	0.01	0.02	0.00	0.00	0.01	0.00	0.00	0.00	0.00	0.00	0.00	0.00	0.00	0.00	0.00	0.00	0.00	0.00	0.00	0.00	0.00	0.00	0.00	0.00	0.00	0.00	0.00	0.00	0.00	0.00	0.00	0.00	0.00	0.00	0.00	0.00	0.00	0.00	0.00	0.00	0.00	0.00	0.00	0.00	0.00	0.00	0.00	0.00	0.00	0.00	0.00
19.04.2023 15:28:00	600.00	0.94	0.96	1.03	1.02	1.03	58.10	113.71	0.51	33.70	0.24	0.06	0.02	0.19	0.20	0.23	0.27	0.29	33700444.83	0.00	26.79	1005.80	24.01	39.01	0.84	1.36	25.00	->	2.17	6.49	6.24	4.90	4.18	4.18	3.35	1.36	0.43	0.19	0.09	0.02	0.04	0.01	0.02	0.00	0.00	0.01	0.00	0.00	0.00	0.00	0.00	0.00	0.00	0.00	0.00	0.00	0.00	0.00	0.00	0.00	0.00	0.00	0.00	0.00	0.00	0.00	0.00	0.00	0.00	0.00	0.00	0.00	0.00	0.00	0.00	0.00	0.00	0.00	0.00	0.00	0.00	0.00	0.00	0.00	0.00	0.00	0.00	0.00	0.00	0.00	0.00	0.00
19.04.2023 15:29:00	600.00	0.85	0.86	0.92	0.92	0.93	54.69	99.42	0.45	30.57	0.23	0.06	0.02	0.19	0.20	0.23	0.27	0.29	30574676.80	0.00	26.84	1005.85	23.12	37.84	0.82	1.36	25.00	->	1.98	5.96	5.74	4.45	3.74	3.77	3.03	1.19	0.38	0.16	0.07	0.01	0.03	0.01	0.01	0.00	0.00	0.01	0.00	0.00	0.00	0.00	0.00	0.00	0.00	0.00	0.00	0.00	0.00	0.00	0.00	0.00	0.00	0.00	0.00	0.00	0.00	0.00	0.00	0.00	0.00	0.00	0.00	0.00	0.00	0.00	0.00	0.00	0.00	0.00	0.00	0.00	0.00	0.00	0.00	0.00	0.00	0.00	0.00	0.00	0.00	0.00	0.00	0.00
19.04.2023 15:30:00	600.00	0.76	0.77	0.83	0.83	0.83	50.96	84.99	0.38	27.44	0.23	0.06	0.02	0.19	0.20	0.23	0.27	0.28	27437296.71	0.00	26.89	1005.90	22.10	36.76	0.81	1.36	25.00	->	1.85	5.34	5.22	3.95	3.36	3.35	2.68	1.04	0.36	0.12	0.07	0.01	0.04	0.02	0.01	0.01	0.00	0.01	0.00	0.00	0.00	0.00	0.00	0.00	0.00	0.00	0.00	0.00	0.00	0.00	0.00	0.00	0.00	0.00	0.00	0.00	0.00	0.00	0.00	0.00	0.00	0.00	0.00	0.00	0.00	0.00	0.00	0.00	0.00	0.00	0.00	0.00	0.00	0.00	0.00	0.00	0.00	0.00	0.00	0.00	0.00	0.00	0.00	0.00
19.04.2023 15:31:00	600.00	0.67	0.68	0.74	0.74	4.15	46.85	70.60	0.32	24.47	0.24	0.21	2.73	0.19	0.20	0.22	0.27	0.28	24468820.04	0.00	26.94	1005.96	20.98	35.82	0.79	1.36	25.00	->	1.62	4.87	4.74	3.48	3.01	2.91	2.33	0.94	0.28	0.11	0.06	0.01	0.04	0.02	0.01	0.01	0.00	0.00	0.00	0.00	0.00	0.00	0.00	0.00	0.00	0.00	0.00	0.00	0.00	0.00	0.00	0.00	0.00	0.00	0.00	0.00	0.00	0.00	0.00	0.00	0.00	0.00	0.00	0.00	0.00	0.00	0.00	0.00	0.00	0.00	0.00	0.00	0.00	0.00	0.00	0.00	0.00	0.00	0.00	0.00	0.00	0.00	0.00	0.00
19.04.2023 15:32:00	600.00	0.58	0.60	0.65	0.65	4.06	42.37	56.11	0.25	21.37	0.24	0.21	2.73	0.19	0.20	0.22	0.27	0.28	21371554.54	0.00	26.99	1006.01	19.76	35.05	0.77	1.36	25.00	->	1.44	4.23	4.17	3.04	2.55	2.56	2.08	0.81	0.25	0.09	0.05	0.01	0.04	0.02	0.01	0.00	0.00	0.00	0.00	0.00	0.00	0.00	0.00	0.00	0.00	0.00	0.00	0.00	0.00	0.00	0.00	0.00	0.00	0.00	0.00	0.00	0.00	0.00	0.00	0.00	0.00	0.00	0.00	0.00	0.00	0.00	0.00	0.00	0.00	0.00	0.00	0.00	0.00	0.00	0.00	0.00	0.00	0.00	0.00	0.00	0.00	0.00	0.00	0.00
19.04.2023 15:33:00	600.00	0.51	0.53	0.58	0.57	3.98	37.95	41.48	0.19	18.90	0.24	0.20	2.73	0.19	0.20	0.22	0.27	0.28	18900551.02	0.00	27.04	1006.06	18.44	34.33	0.75	1.36	25.00	->	1.28	3.75	3.71	2.73	2.27	2.29	1.75	0.69	0.22	0.07	0.03	0.00	0.04	0.01	0.00	0.00	0.00	0.00	0.00	0.00	0.00	0.00	0.00	0.00	0.00	0.00	0.00	0.00	0.00	0.00	0.00	0.00	0.00	0.00	0.00	0.00	0.00	0.00	0.00	0.00	0.00	0.00	0.00	0.00	0.00	0.00	0.00	0.00	0.00	0.00	0.00	0.00	0.00	0.00	0.00	0.00	0.00	0.00	0.00	0.00	0.00	0.00	0.00	0.00
19.04.2023 15:34:00	600.00	0.44	0.47	0.57	0.57	3.99	33.54	26.63	0.12	16.44	0.24	0.21	2.75	0.19	0.20	0.22	0.27	0.28	16443798.72	0.00	27.09	1006.10	17.05	33.72	0.73	1.36	25.00	->	1.22	3.28	3.32	2.38	1.97	1.93	1.44	0.56	0.16	0.06	0.02	0.00	0.04	0.01	0.00	0.00	0.00	0.00	0.00	0.00	0.00	0.00	0.00	0.00	0.00	0.00	0.00	0.00	0.00	0.00	0.00	0.00	0.00	0.00	0.00	0.00	0.00	0.00	0.00	0.00	0.00	0.00	0.00	0.00	0.00	0.00	0.00	0.00	0.00	0.00	0.00	0.00	0.00	0.00	0.00	0.00	0.00	0.00	0.00	0.00	0.00	0.00	0.00	0.00
19.04.2023 15:35:00	600.00	0.36	0.40	0.49	0.49	3.91	29.04	13.49	0.06	13.71	0.24	0.21	2.75	0.19	0.20	0.22	0.27	0.28	13707300.20	0.00	27.13	1006.10	15.79	33.26	0.71	1.36	25.00	->	1.08	2.73	2.80	1.98	1.62	1.55	1.19	0.45	0.14	0.05	0.02	0.01	0.03	0.01	0.00	0.00	0.00	0.00	0.00	0.00	0.00	0.00	0.00	0.00	0.00	0.00	0.00	0.00	0.00	0.00	0.00	0.00	0.00	0.00	0.00	0.00	0.00	0.00	0.00	0.00	0.00	0.00	0.00	0.00	0.00	0.00	0.00	0.00	0.00	0.00	0.00	0.00	0.00	0.00	0.00	0.00	0.00	0.00	0.00	0.00	0.00	0.00	0.00	0.00
19.04.2023 15:36:00	600.00	0.30	0.33	0.42	0.42	3.84	24.89	4.70	0.02	11.26	0.24	0.21	2.75	0.19	0.20	0.22	0.27	0.28	11261632.18	0.00	27.17	1006.09	14.68	32.87	0.68	1.36	25.00	->	0.90	2.25	2.31	1.58	1.36	1.24	0.99	0.38	0.10	0.05	0.02	0.01	0.02	0.01	0.00	0.00	0.00	0.00	0.00	0.00	0.00	0.00	0.00	0.00	0.00	0.00	0.00	0.00	0.00	0.00	0.00	0.00	0.00	0.00	0.00	0.00	0.00	0.00	0.00	0.00	0.00	0.00	0.00	0.00	0.00	0.00	0.00	0.00	0.00	0.00	0.00	0.00	0.00	0.00	0.00	0.00	0.00	0.00	0.00	0.00	0.00	0.00	0.00	0.00
19.04.2023 15:37:00	600.00	0.25	0.27	0.33	0.33	3.75	21.24	0.42	0.00	9.47	0.24	0.21	2.74	0.19	0.20	0.22	0.27	0.28	9473103.84	0.00	27.20	1006.08	13.68	32.56	0.66	1.35	25.00	->	0.78	1.95	1.89	1.28	1.17	1.04	0.83	0.31	0.08	0.05	0.02	0.01	0.02	0.01	0.00	0.00	0.00	0.00	0.00	0.00	0.00	0.00	0.00	0.00	0.00	0.00	0.00	0.00	0.00	0.00	0.00	0.00	0.00	0.00	0.00	0.00	0.00	0.00	0.00	0.00	0.00	0.00	0.00	0.00	0.00	0.00	0.00	0.00	0.00	0.00	0.00	0.00	0.00	0.00	0.00	0.00	0.00	0.00	0.00	0.00	0.00	0.00	0.00	0.00
19.04.2023 15:38:00	600.00	0.21	0.23	0.28	0.29	3.70	18.02	0.00	0.00	7.74	0.24	0.21	2.74	0.19	0.20	0.22	0.27	0.28	7744483.42	0.00	27.22	1006.07	12.80	32.26	0.66	1.35	25.00	->	0.65	1.57	1.55	1.02	1.00	0.85	0.69	0.24	0.05	0.05	0.02	0.01	0.01	0.01	0.00	0.00	0.00	0.00	0.00	0.00	0.00	0.00	0.00	0.00	0.00	0.00	0.00	0.00	0.00	0.00	0.00	0.00	0.00	0.00	0.00	0.00	0.00	0.00	0.00	0.00	0.00	0.00	0.00	0.00	0.00	0.00	0.00	0.00	0.00	0.00	0.00	0.00	0.00	0.00	0.00	0.00	0.00	0.00	0.00	0.00	0.00	0.00	0.00	0.00
19.04.2023 15:39:00	600.00	0.18	0.20	0.25	0.28	3.71	15.21	0.00	0.00	6.45	0.25	0.22	2.79	0.19	0.20	0.23	0.27	0.28	6451580.89	0.00	27.25	1006.07	12.02	31.98	0.66	1.35	25.00	->	0.52	1.21	1.27	0.90	0.89	0.71	0.59	0.19	0.05	0.04	0.01	0.01	0.01	0.01	0.00	0.00	0.00	0.00	0.00	0.00	0.00	0.00	0.00	0.00	0.00	0.00	0.00	0.00	0.00	0.00	0.00	0.00	0.00	0.00	0.00	0.00	0.00	0.00	0.00	0.00	0.00	0.00	0.00	0.00	0.00	0.00	0.00	0.00	0.00	0.00	0.00	0.00	0.00	0.00	0.00	0.00	0.00	0.00	0.00	0.00	0.00	0.00	0.00	0.00
19.04.2023 15:40:00	600.00	0.14	0.20	0.24	0.64	4.31	12.68	0.00	0.00	5.29	0.26	0.33	3.61	0.19	0.20	0.23	0.27	0.28	5288786.76	0.00	27.28	1006.06	11.31	31.68	0.67	1.35	25.00	->	0.41	0.97	1.04	0.75	0.72	0.58	0.52	0.18	0.03	0.04	0.01	0.01	0.01	0.00	0.00	0.00	0.00	0.00	0.00	0.00	0.00	0.00	0.00	0.00	0.00	0.00	0.00	0.00	0.00	0.00	0.00	0.00	0.00	0.00	0.00	0.00	0.00	0.00	0.00	0.00	0.00	0.00	0.00	0.00	0.00	0.00	0.00	0.00	0.00	0.00	0.00	0.00	0.00	0.00	0.00	0.00	0.00	0.00	0.00	0.00	0.00	0.00	0.00	0.00
19.04.2023 15:41:00	600.00	0.12	0.18	0.24	0.63	0.89	10.64	0.00	0.00	4.27	0.26	0.19	0.91	0.19	0.20	0.23	0.27	0.30	4267713.11	0.00	27.30	1006.04	10.68	31.38	0.68	1.35	25.00	->	0.34	0.71	0.85	0.61	0.61	0.49	0.45	0.13	0.03	0.02	0.01	0.01	0.01	0.00	0.00	0.00	0.00	0.00	0.00	0.00	0.00	0.00	0.00	0.00	0.00	0.00	0.00	0.00	0.00	0.00	0.00	0.00	0.00	0.00	0.00	0.00	0.00	0.00	0.00	0.00	0.00	0.00	0.00	0.00	0.00	0.00	0.00	0.00	0.00	0.00	0.00	0.00	0.00	0.00	0.00	0.00	0.00	0.00	0.00	0.00	0.00	0.00	0.00	0.00
19.04.2023 15:42:00	600.00	0.10	0.17	0.24	0.64	0.90	8.91	0.00	0.00	3.39	0.26	0.20	0.95	0.20	0.20	0.23	0.30	0.34	3387304.29	0.00	27.33	1006.02	10.11	31.08	0.67	1.35	25.00	->	0.24	0.52	0.68	0.49	0.55	0.39	0.31	0.11	0.03	0.01	0.01	0.01	0.00	0.00	0.00	0.00	0.00	0.00	0.00	0.00	0.00	0.00	0.00	0.00	0.00	0.00	0.00	0.00	0.00	0.00	0.00	0.00	0.00	0.00	0.00	0.00	0.00	0.00	0.00	0.00	0.00	0.00	0.00	0.00	0.00	0.00	0.00	0.00	0.00	0.00	0.00	0.00	0.00	0.00	0.00	0.00	0.00	0.00	0.00	0.00	0.00	0.00	0.00	0.00
19.04.2023 15:43:00	600.00	0.08	0.16	0.23	0.63	0.89	444.08	0.00	0.00	2.92	0.26	0.20	0.95	0.20	0.20	0.23	0.30	0.34	2920972.64	0.00	27.36	1006.01	9.60	30.77	0.73	1.34	25.00	->	0.20	0.46	0.60	0.41	0.46	0.34	0.28	0.09	0.03	0.01	0.01	0.01	0.00	0.00	0.00	0.00	0.00	0.00	0.00	0.00	0.00	0.00	0.00	0.00	0.00	0.00	0.00	0.00	0.00	0.00	0.00	0.00	0.00	0.00	0.00	0.00	0.00	0.00	0.00	0.00	0.00	0.00	0.00	0.00	0.00	0.00	0.00	0.00	0.00	0.00	0.00	0.00	0.00	0.00	0.00	0.00	0.00	0.00	0.00	0.00	0.00	0.00	0.00	0.00
19.04.2023 15:44:00	600.00	0.08	0.14	0.17	0.56	0.82	442.49	0.00	0.00	2.53	0.27	0.21	0.95	0.20	0.20	0.23	0.32	0.38	2534606.19	0.00	27.39	1005.97	9.17	30.47	1.27	1.34	25.00	->	0.17	0.39	0.52	0.36	0.36	0.31	0.26	0.08	0.03	0.01	0.01	0.01	0.01	0.00	0.00	0.00	0.00	0.00	0.00	0.00	0.00	0.00	0.00	0.00	0.00	0.00	0.00	0.00	0.00	0.00	0.00	0.00	0.00	0.00	0.00	0.00	0.00	0.00	0.00	0.00	0.00	0.00	0.00	0.00	0.00	0.00	0.00	0.00	0.00	0.00	0.00	0.00	0.00	0.00	0.00	0.00	0.00	0.00	0.00	0.00	0.00	0.00	0.00	0.00
19.04.2023 15:45:00	600.00	0.08	0.15	0.17	0.57	0.82	448.56	0.00	0.00	2.73	0.27	0.21	0.95	0.20	0.20	0.23	0.32	0.38	2728845.06	0.00	27.42	1005.91	9.06	30.17	1.33	1.34	25.00	->	0.17	0.44	0.54	0.39	0.37	0.36	0.28	0.09	0.03	0.01	0.01	0.01	0.01	0.00	0.00	0.00	0.00	0.00	0.00	0.00	0.00	0.00	0.00	0.00	0.00	0.00	0.00	0.00	0.00	0.00	0.00	0.00	0.00	0.00	0.00	0.00	0.00	0.00	0.00	0.00	0.00	0.00	0.00	0.00	0.00	0.00	0.00	0.00	0.00	0.00	0.00	0.00	0.00	0.00	0.00	0.00	0.00	0.00	0.00	0.00	0.00	0.00	0.00	0.00
19.04.2023 15:46:00	600.00	0.10	0.17	0.19	0.59	0.84	465.41	2.03	0.01	3.30	0.27	0.21	0.95	0.20	0.20	0.23	0.32	0.38	3302588.68	0.00	27.45	1005.86	9.13	29.84	1.36	1.33	25.00	->	0.20	0.52	0.65	0.48	0.49	0.41	0.35	0.11	0.03	0.00	0.01	0.01	0.01	0.00	0.00	0.00	0.00	0.00	0.00	0.00	0.00	0.00	0.00	0.00	0.00	0.00	0.00	0.00	0.00	0.00	0.00	0.00	0.00	0.00	0.00	0.00	0.00	0.00	0.00	0.00	0.00	0.00	0.00	0.00	0.00	0.00	0.00	0.00	0.00	0.00	0.00	0.00	0.00	0.00	0.00	0.00	0.00	0.00	0.00	0.00	0.00	0.00	0.00	0.00
