timestamp	averaging[s]	PM1 [痢/m設	PM2.5 [痢/m設	PM4 [痢/m設	PM10 [痢/m設	PMtot [痢/m設	CO2 [ppm]	VOC [ppb]	VOC [mg/m設	Cn [1/cm設	M1,0 [痠]	M2,0 [痠淫	M3,0 [痠設	x10(dCn) [痠]	x16(dCn) [痠]	x50(dCn) [痠]	x84(dCn) [痠]	x90(dCn) [痠]	Cn [1/m設	PIA [1/m設	T [蚓]	p [hPa]	rH [%]	AQI - Palas	Infection Risk Index	volume flow [l/min]	power (volume flow blower) [%]	dN(痠) [P]	0.184462	0.198224	0.213013	0.228905	0.245984	0.264336	0.284057	0.30525	0.328024	0.352497	0.378797	0.407058	0.437427	0.470063	0.505133	0.54282	0.583319	0.626839	0.673606	0.723862	0.777868	0.835903	0.898268	0.965286	1.037304	1.114695	1.19786	1.28723	1.383267	1.48647	1.597372	1.716548	1.844616	1.982239	2.13013	2.289054	2.459835	2.643358	2.840573	3.052502	3.280243	3.524975	3.787966	4.070578	4.374274	4.700629	5.051333	5.428202	5.833189	6.26839	6.736061	7.238624	7.778682	8.359033	8.982682	9.652861	10.373039	11.146949	11.978599	12.872296	13.83267	14.864696	15.973718	17.165483
26.04.2023 15:48:00	61.00	0.00	0.00	0.00	0.00	0.00	522.36	0.00	0.00	0.00	NaN	NaN	NaN	NaN	NaN	NaN	NaN	NaN	0.00	0.00	19.19	921.91	24.89	1.04	0.00	0.00	11.25	->	0.00	0.00	0.00	0.00	0.00	0.00	0.00	0.00	0.00	0.00	0.00	0.00	0.00	0.00	0.00	0.00	0.00	0.00	0.00	0.00	0.00	0.00	0.00	0.00	0.00	0.00	0.00	0.00	0.00	0.00	0.00	0.00	0.00	0.00	0.00	0.00	0.00	0.00	0.00	0.00	0.00	0.00	0.00	0.00	0.00	0.00	0.00	0.00	0.00	0.00	0.00	0.00	0.00	0.00	0.00	0.00	0.00	0.00	0.00	0.00	0.00	0.00	0.00	0.00
26.04.2023 15:49:00	121.00	0.12	0.12	0.13	0.13	0.13	540.75	0.07	0.00	3.36	0.25	0.06	0.02	0.20	0.21	0.24	0.27	0.28	3356074.79	0.00	20.18	962.31	25.51	4.45	0.02	0.00	15.83	->	0.07	0.45	0.59	0.57	0.58	0.63	0.25	0.09	0.02	0.02	0.00	0.03	0.01	0.00	0.00	0.00	0.00	0.00	0.01	0.00	0.01	0.00	0.00	0.00	0.00	0.00	0.00	0.00	0.00	0.00	0.00	0.00	0.00	0.00	0.00	0.00	0.00	0.00	0.00	0.00	0.00	0.00	0.00	0.00	0.00	0.00	0.00	0.00	0.00	0.00	0.00	0.00	0.00	0.00	0.00	0.00	0.00	0.00	0.00	0.00	0.00	0.00	0.00	0.00
26.04.2023 15:50:00	181.00	0.17	0.18	0.19	0.19	0.19	547.40	0.04	0.00	4.57	0.25	0.07	0.02	0.20	0.21	0.24	0.28	0.29	4568308.34	0.00	20.57	975.77	25.90	6.82	0.04	0.48	18.12	->	0.10	0.57	0.75	0.76	0.79	0.85	0.41	0.17	0.02	0.03	0.01	0.03	0.01	0.00	0.01	0.01	0.00	0.00	0.02	0.00	0.01	0.00	0.01	0.00	0.00	0.00	0.00	0.00	0.00	0.00	0.00	0.00	0.00	0.00	0.00	0.00	0.00	0.00	0.00	0.00	0.00	0.00	0.00	0.00	0.00	0.00	0.00	0.00	0.00	0.00	0.00	0.00	0.00	0.00	0.00	0.00	0.00	0.00	0.00	0.00	0.00	0.00	0.00	0.00
26.04.2023 15:51:00	241.00	0.21	0.23	0.26	0.26	0.26	559.51	0.03	0.00	5.24	0.25	0.07	0.03	0.20	0.21	0.24	0.28	0.29	5241810.52	0.00	20.79	982.53	26.03	8.67	0.05	0.72	19.50	->	0.14	0.70	0.85	0.82	0.83	0.90	0.53	0.21	0.05	0.04	0.02	0.03	0.02	0.02	0.02	0.01	0.00	0.00	0.03	0.00	0.03	0.00	0.01	0.00	0.00	0.00	0.00	0.00	0.00	0.00	0.01	0.00	0.00	0.00	0.00	0.00	0.00	0.00	0.00	0.00	0.00	0.00	0.00	0.00	0.00	0.00	0.00	0.00	0.00	0.00	0.00	0.00	0.00	0.00	0.00	0.00	0.00	0.00	0.00	0.00	0.00	0.00	0.00	0.00
26.04.2023 15:52:00	301.00	0.22	0.24	0.26	0.26	0.26	566.98	0.03	0.00	5.78	0.25	0.07	0.03	0.20	0.21	0.24	0.28	0.29	5777902.79	0.00	20.96	986.58	26.04	10.22	0.06	0.86	20.42	->	0.17	0.74	1.00	1.02	0.91	0.89	0.57	0.19	0.07	0.04	0.03	0.03	0.01	0.01	0.03	0.01	0.00	0.00	0.02	0.00	0.02	0.00	0.01	0.00	0.00	0.00	0.00	0.00	0.00	0.00	0.01	0.00	0.00	0.00	0.00	0.00	0.00	0.00	0.00	0.00	0.00	0.00	0.00	0.00	0.00	0.00	0.00	0.00	0.00	0.00	0.00	0.00	0.00	0.00	0.00	0.00	0.00	0.00	0.00	0.00	0.00	0.00	0.00	0.00
26.04.2023 15:53:00	361.00	0.24	0.27	0.29	0.29	0.29	571.88	0.56	0.00	6.55	0.25	0.07	0.02	0.20	0.21	0.24	0.28	0.29	6552922.94	0.00	21.10	989.28	26.13	11.49	0.07	0.96	21.07	->	0.17	0.85	1.15	1.15	1.07	0.98	0.63	0.20	0.09	0.04	0.03	0.04	0.02	0.02	0.02	0.00	0.01	0.01	0.02	0.00	0.02	0.00	0.01	0.00	0.00	0.00	0.00	0.00	0.00	0.00	0.01	0.00	0.00	0.00	0.00	0.00	0.00	0.00	0.00	0.00	0.00	0.00	0.00	0.00	0.00	0.00	0.00	0.00	0.00	0.00	0.00	0.00	0.00	0.00	0.00	0.00	0.00	0.00	0.00	0.00	0.00	0.00	0.00	0.00
26.04.2023 15:54:00	421.00	0.27	0.29	0.31	0.31	0.31	583.73	0.70	0.00	7.33	0.25	0.07	0.02	0.20	0.21	0.24	0.28	0.29	7332451.58	0.00	21.22	991.21	26.22	12.64	0.08	1.02	21.56	->	0.23	0.98	1.31	1.28	1.22	1.04	0.72	0.21	0.09	0.04	0.03	0.03	0.02	0.03	0.02	0.01	0.01	0.01	0.02	0.00	0.02	0.00	0.01	0.00	0.00	0.01	0.00	0.00	0.00	0.00	0.00	0.00	0.00	0.00	0.00	0.00	0.00	0.00	0.00	0.00	0.00	0.00	0.00	0.00	0.00	0.00	0.00	0.00	0.00	0.00	0.00	0.00	0.00	0.00	0.00	0.00	0.00	0.00	0.00	0.00	0.00	0.00	0.00	0.00
26.04.2023 15:55:00	481.00	0.28	0.30	0.33	0.32	0.33	590.93	0.90	0.00	8.00	0.25	0.07	0.02	0.20	0.20	0.24	0.28	0.29	7996518.92	0.00	21.33	992.66	26.32	13.73	0.09	1.07	21.94	->	0.28	1.10	1.48	1.34	1.32	1.14	0.75	0.23	0.09	0.05	0.03	0.03	0.01	0.02	0.02	0.01	0.01	0.01	0.01	0.01	0.02	0.00	0.00	0.00	0.00	0.00	0.00	0.00	0.00	0.00	0.00	0.00	0.00	0.00	0.00	0.00	0.00	0.00	0.00	0.00	0.00	0.00	0.00	0.00	0.00	0.00	0.00	0.00	0.00	0.00	0.00	0.00	0.00	0.00	0.00	0.00	0.00	0.00	0.00	0.00	0.00	0.00	0.00	0.00
26.04.2023 15:56:00	541.00	0.29	0.31	0.33	0.33	0.33	595.18	1.03	0.00	8.30	0.25	0.07	0.02	0.20	0.20	0.24	0.28	0.29	8303975.83	0.00	21.42	993.78	26.40	14.69	0.10	1.11	22.25	->	0.30	1.14	1.52	1.41	1.32	1.20	0.81	0.26	0.10	0.05	0.04	0.03	0.02	0.02	0.02	0.01	0.01	0.01	0.01	0.00	0.02	0.00	0.00	0.00	0.00	0.00	0.00	0.00	0.00	0.00	0.00	0.00	0.00	0.00	0.00	0.00	0.00	0.00	0.00	0.00	0.00	0.00	0.00	0.00	0.00	0.00	0.00	0.00	0.00	0.00	0.00	0.00	0.00	0.00	0.00	0.00	0.00	0.00	0.00	0.00	0.00	0.00	0.00	0.00
26.04.2023 15:57:00	600.00	0.32	0.34	0.36	0.36	0.36	597.09	1.14	0.01	9.22	0.25	0.07	0.02	0.20	0.20	0.23	0.28	0.29	9218429.22	0.00	21.51	994.69	26.45	17.09	0.12	1.26	24.75	->	0.36	1.28	1.69	1.61	1.42	1.31	0.91	0.29	0.10	0.05	0.04	0.03	0.02	0.02	0.02	0.01	0.01	0.01	0.01	0.00	0.02	0.00	0.01	0.00	0.00	0.00	0.00	0.00	0.00	0.00	0.00	0.00	0.00	0.00	0.00	0.00	0.00	0.00	0.00	0.00	0.00	0.00	0.00	0.00	0.00	0.00	0.00	0.00	0.00	0.00	0.00	0.00	0.00	0.00	0.00	0.00	0.00	0.00	0.00	0.00	0.00	0.00	0.00	0.00
26.04.2023 15:58:00	600.00	0.34	0.36	0.38	0.38	0.38	604.60	1.55	0.01	9.83	0.25	0.07	0.02	0.20	0.20	0.23	0.28	0.29	9830967.86	0.00	21.84	1002.77	26.64	19.29	0.13	1.42	25.00	->	0.38	1.38	1.79	1.69	1.52	1.42	0.96	0.30	0.11	0.05	0.04	0.03	0.02	0.03	0.02	0.01	0.01	0.01	0.01	0.00	0.02	0.00	0.01	0.00	0.00	0.00	0.00	0.00	0.00	0.00	0.00	0.00	0.00	0.00	0.00	0.00	0.00	0.00	0.00	0.00	0.00	0.00	0.00	0.00	0.00	0.00	0.00	0.00	0.00	0.00	0.00	0.00	0.00	0.00	0.00	0.00	0.00	0.00	0.00	0.00	0.00	0.00	0.00	0.00
26.04.2023 15:59:00	600.00	0.32	0.34	0.36	0.36	0.36	607.15	1.93	0.01	9.33	0.24	0.06	0.02	0.20	0.20	0.23	0.28	0.29	9327688.59	0.00	21.97	1002.78	26.71	20.56	0.13	1.42	25.00	->	0.38	1.35	1.71	1.58	1.43	1.29	0.94	0.28	0.12	0.04	0.04	0.02	0.02	0.03	0.02	0.01	0.01	0.01	0.01	0.00	0.01	0.00	0.01	0.00	0.00	0.00	0.00	0.00	0.00	0.00	0.00	0.00	0.00	0.00	0.00	0.00	0.00	0.00	0.00	0.00	0.00	0.00	0.00	0.00	0.00	0.00	0.00	0.00	0.00	0.00	0.00	0.00	0.00	0.00	0.00	0.00	0.00	0.00	0.00	0.00	0.00	0.00	0.00	0.00
26.04.2023 16:00:00	600.00	0.30	0.33	0.35	0.35	0.35	607.68	2.45	0.01	9.10	0.24	0.06	0.02	0.20	0.20	0.23	0.28	0.29	9100988.61	0.00	22.10	1002.79	26.71	21.57	0.12	1.41	25.00	->	0.39	1.34	1.69	1.53	1.37	1.22	0.92	0.27	0.13	0.04	0.04	0.02	0.02	0.03	0.02	0.01	0.01	0.01	0.00	0.00	0.01	0.00	0.00	0.00	0.00	0.00	0.00	0.00	0.00	0.00	0.00	0.00	0.00	0.00	0.00	0.00	0.00	0.00	0.00	0.00	0.00	0.00	0.00	0.00	0.00	0.00	0.00	0.00	0.00	0.00	0.00	0.00	0.00	0.00	0.00	0.00	0.00	0.00	0.00	0.00	0.00	0.00	0.00	0.00
26.04.2023 16:01:00	600.00	0.63	0.65	0.68	0.68	0.68	603.27	2.99	0.01	19.37	0.24	0.06	0.02	0.20	0.20	0.23	0.28	0.29	19373480.43	0.00	22.22	1002.79	26.73	22.29	0.11	1.40	25.00	->	0.82	2.84	3.36	2.95	2.77	2.86	2.16	0.86	0.33	0.16	0.07	0.04	0.03	0.05	0.01	0.01	0.02	0.01	0.00	0.00	0.00	0.00	0.00	0.00	0.00	0.00	0.00	0.00	0.00	0.00	0.00	0.00	0.00	0.00	0.00	0.00	0.00	0.00	0.00	0.00	0.00	0.00	0.00	0.00	0.00	0.00	0.00	0.00	0.00	0.00	0.00	0.00	0.00	0.00	0.00	0.00	0.00	0.00	0.00	0.00	0.00	0.00	0.00	0.00
26.04.2023 16:02:00	600.00	1.68	1.70	1.77	1.77	1.77	597.54	3.45	0.02	50.50	0.24	0.06	0.02	0.20	0.20	0.23	0.28	0.29	50495245.62	0.00	22.35	1002.79	26.79	22.79	0.11	1.40	25.00	->	2.08	7.10	8.38	7.19	7.08	7.83	6.08	2.58	0.95	0.50	0.21	0.18	0.08	0.10	0.04	0.03	0.03	0.02	0.00	0.01	0.01	0.00	0.00	0.00	0.00	0.00	0.00	0.00	0.00	0.00	0.00	0.00	0.00	0.00	0.00	0.00	0.00	0.00	0.00	0.00	0.00	0.00	0.00	0.00	0.00	0.00	0.00	0.00	0.00	0.00	0.00	0.00	0.00	0.00	0.00	0.00	0.00	0.00	0.00	0.00	0.00	0.00	0.00	0.00
26.04.2023 16:03:00	600.00	3.11	3.12	3.26	3.26	3.26	591.17	3.97	0.02	92.85	0.24	0.06	0.02	0.20	0.20	0.23	0.28	0.29	92854099.31	0.00	22.46	1002.79	26.82	23.10	0.11	1.39	25.00	->	3.64	12.61	15.07	13.13	13.21	14.82	11.39	4.80	1.92	1.02	0.39	0.26	0.18	0.17	0.09	0.06	0.02	0.02	0.00	0.01	0.01	0.00	0.00	0.00	0.00	0.00	0.00	0.00	0.00	0.00	0.00	0.00	0.00	0.00	0.00	0.00	0.00	0.00	0.00	0.00	0.00	0.00	0.00	0.00	0.00	0.00	0.00	0.00	0.00	0.00	0.00	0.00	0.00	0.00	0.00	0.00	0.00	0.00	0.00	0.00	0.00	0.00	0.00	0.00
26.04.2023 16:04:00	600.00	4.86	4.88	5.09	5.09	5.09	578.21	4.80	0.02	144.85	0.24	0.06	0.02	0.20	0.20	0.24	0.28	0.29	144845987.20	0.00	22.57	1002.79	26.83	23.22	0.10	1.39	25.00	->	5.53	19.49	22.90	20.50	20.84	23.27	17.88	7.87	3.09	1.55	0.66	0.40	0.29	0.23	0.12	0.08	0.03	0.02	0.01	0.01	0.01	0.00	0.00	0.00	0.00	0.00	0.00	0.00	0.00	0.00	0.00	0.00	0.00	0.00	0.00	0.00	0.00	0.00	0.00	0.00	0.00	0.00	0.00	0.00	0.00	0.00	0.00	0.00	0.00	0.00	0.00	0.00	0.00	0.00	0.00	0.00	0.00	0.00	0.00	0.00	0.00	0.00	0.00	0.00
26.04.2023 16:05:00	600.00	6.86	6.88	7.17	7.17	7.17	565.29	5.36	0.02	203.26	0.24	0.06	0.02	0.20	0.20	0.24	0.28	0.29	203259369.64	0.00	22.67	1002.78	26.80	23.08	0.09	1.38	25.00	->	7.54	27.00	31.87	28.71	29.39	32.87	25.29	11.42	4.30	2.15	0.93	0.57	0.42	0.34	0.18	0.11	0.03	0.03	0.02	0.01	0.01	0.00	0.01	0.00	0.00	0.00	0.00	0.00	0.00	0.00	0.00	0.00	0.00	0.00	0.00	0.00	0.00	0.00	0.00	0.00	0.00	0.00	0.00	0.00	0.00	0.00	0.00	0.00	0.00	0.00	0.00	0.00	0.00	0.00	0.00	0.00	0.00	0.00	0.00	0.00	0.00	0.00	0.00	0.00
26.04.2023 16:06:00	600.00	9.07	9.10	9.49	9.49	9.49	552.05	5.81	0.03	268.93	0.24	0.06	0.02	0.20	0.20	0.24	0.28	0.29	268928735.51	0.00	22.77	1002.77	26.77	22.80	0.08	1.38	25.00	->	9.93	35.83	42.01	37.68	39.20	43.49	33.67	14.96	5.62	2.92	1.31	0.77	0.53	0.41	0.23	0.13	0.05	0.04	0.02	0.01	0.01	0.00	0.01	0.00	0.00	0.00	0.00	0.00	0.00	0.00	0.00	0.00	0.00	0.00	0.00	0.00	0.00	0.00	0.00	0.00	0.00	0.00	0.00	0.00	0.00	0.00	0.00	0.00	0.00	0.00	0.00	0.00	0.00	0.00	0.00	0.00	0.00	0.00	0.00	0.00	0.00	0.00	0.00	0.00
26.04.2023 16:07:00	600.00	11.47	11.50	11.99	11.99	11.99	539.08	6.28	0.03	340.05	0.24	0.06	0.02	0.20	0.20	0.24	0.28	0.29	340049193.69	0.00	22.87	1002.76	26.74	22.40	0.08	1.37	25.00	->	12.70	45.16	52.92	47.24	49.80	55.09	42.85	19.02	7.12	3.66	1.66	0.94	0.64	0.52	0.29	0.16	0.07	0.05	0.02	0.01	0.01	0.00	0.00	0.00	0.00	0.00	0.00	0.00	0.00	0.00	0.00	0.00	0.00	0.00	0.00	0.00	0.00	0.00	0.00	0.00	0.00	0.00	0.00	0.00	0.00	0.00	0.00	0.00	0.00	0.00	0.00	0.00	0.00	0.00	0.00	0.00	0.00	0.00	0.00	0.00	0.00	0.00	0.00	0.00
26.04.2023 16:08:00	600.00	13.97	14.00	14.60	14.60	14.60	526.35	6.40	0.03	412.32	0.25	0.06	0.02	0.20	0.20	0.24	0.28	0.29	412317138.79	0.00	22.96	1002.75	26.72	21.90	0.08	1.37	25.00	->	15.15	54.13	63.55	57.54	60.59	67.20	52.27	23.22	8.76	4.39	2.03	1.15	0.79	0.63	0.38	0.21	0.10	0.06	0.02	0.01	0.01	0.00	0.00	0.00	0.00	0.00	0.00	0.00	0.00	0.00	0.00	0.00	0.00	0.00	0.00	0.00	0.00	0.00	0.00	0.00	0.00	0.00	0.00	0.00	0.00	0.00	0.00	0.00	0.00	0.00	0.00	0.00	0.00	0.00	0.00	0.00	0.00	0.00	0.00	0.00	0.00	0.00	0.00	0.00
26.04.2023 16:09:00	600.00	16.68	16.71	17.42	17.42	17.42	513.48	6.47	0.03	491.45	0.25	0.06	0.02	0.20	0.20	0.24	0.28	0.30	491447838.82	0.00	23.05	1002.74	26.69	21.32	0.09	1.37	25.00	->	17.74	64.53	75.44	68.57	72.45	79.95	62.57	27.91	10.47	5.17	2.45	1.38	0.99	0.73	0.45	0.24	0.11	0.08	0.03	0.01	0.02	0.00	0.00	0.00	0.00	0.00	0.00	0.00	0.00	0.00	0.00	0.00	0.00	0.00	0.00	0.00	0.00	0.00	0.00	0.00	0.00	0.00	0.00	0.00	0.00	0.00	0.00	0.00	0.00	0.00	0.00	0.00	0.00	0.00	0.00	0.00	0.00	0.00	0.00	0.00	0.00	0.00	0.00	0.00
26.04.2023 16:10:00	600.00	19.50	19.53	20.37	20.37	20.37	501.32	6.50	0.03	573.86	0.25	0.06	0.02	0.20	0.20	0.24	0.28	0.30	573855793.21	0.00	23.14	1002.73	26.66	20.67	0.10	1.38	25.00	->	20.62	75.16	88.13	80.20	84.38	93.08	73.43	32.74	12.27	5.97	2.90	1.64	1.21	0.86	0.53	0.26	0.15	0.08	0.04	0.01	0.02	0.00	0.00	0.00	0.00	0.00	0.00	0.00	0.00	0.00	0.00	0.00	0.00	0.00	0.00	0.00	0.00	0.00	0.00	0.00	0.00	0.00	0.00	0.00	0.00	0.00	0.00	0.00	0.00	0.00	0.00	0.00	0.00	0.00	0.00	0.00	0.00	0.00	0.00	0.00	0.00	0.00	0.00	0.00
26.04.2023 16:11:00	600.00	21.95	21.98	22.93	22.93	22.93	489.56	6.71	0.03	646.42	0.25	0.06	0.02	0.20	0.20	0.24	0.28	0.30	646419320.64	0.00	23.23	1002.72	26.63	20.01	0.12	1.38	25.00	->	23.11	84.73	99.19	90.31	95.44	104.76	82.87	36.66	13.78	6.70	3.29	1.87	1.38	0.95	0.59	0.27	0.16	0.09	0.04	0.01	0.02	0.01	0.00	0.00	0.00	0.00	0.00	0.00	0.00	0.00	0.00	0.00	0.00	0.00	0.00	0.00	0.00	0.00	0.00	0.00	0.00	0.00	0.00	0.00	0.00	0.00	0.00	0.00	0.00	0.00	0.00	0.00	0.00	0.00	0.00	0.00	0.00	0.00	0.00	0.00	0.00	0.00	0.00	0.00
26.04.2023 16:12:00	600.00	23.85	23.89	24.91	24.91	24.91	477.86	6.92	0.03	701.72	0.25	0.06	0.02	0.20	0.20	0.24	0.28	0.30	701721714.35	0.00	23.32	1002.71	26.59	19.36	0.12	1.38	25.00	->	24.80	91.68	107.17	98.31	104.10	113.80	90.20	39.90	14.90	7.26	3.59	1.98	1.55	1.00	0.62	0.31	0.17	0.10	0.04	0.01	0.02	0.01	0.00	0.00	0.00	0.00	0.00	0.00	0.00	0.00	0.00	0.00	0.00	0.00	0.00	0.00	0.00	0.00	0.00	0.00	0.00	0.00	0.00	0.00	0.00	0.00	0.00	0.00	0.00	0.00	0.00	0.00	0.00	0.00	0.00	0.00	0.00	0.00	0.00	0.00	0.00	0.00	0.00	0.00
26.04.2023 16:13:00	600.00	25.43	25.46	26.55	26.55	26.55	465.86	6.76	0.03	748.30	0.25	0.06	0.02	0.20	0.20	0.24	0.29	0.30	748295234.99	0.00	23.40	1002.70	26.52	18.92	0.13	1.39	25.00	->	26.56	97.90	113.96	104.90	110.92	121.24	96.37	42.82	15.82	7.59	3.84	2.20	1.59	1.04	0.66	0.31	0.18	0.09	0.05	0.02	0.03	0.01	0.00	0.00	0.00	0.00	0.00	0.00	0.00	0.00	0.00	0.00	0.00	0.00	0.00	0.00	0.00	0.00	0.00	0.00	0.00	0.00	0.00	0.00	0.00	0.00	0.00	0.00	0.00	0.00	0.00	0.00	0.00	0.00	0.00	0.00	0.00	0.00	0.00	0.00	0.00	0.00	0.00	0.00
26.04.2023 16:14:00	600.00	27.01	27.05	28.21	28.21	28.21	453.85	6.50	0.03	797.65	0.25	0.06	0.02	0.20	0.20	0.24	0.29	0.30	797651174.40	0.00	23.48	1002.70	26.45	18.64	0.13	1.39	25.00	->	28.90	105.66	122.15	111.55	117.69	127.98	102.12	45.93	16.69	8.02	4.19	2.38	1.63	1.09	0.70	0.34	0.21	0.09	0.05	0.03	0.02	0.01	0.00	0.00	0.00	0.00	0.00	0.00	0.00	0.00	0.00	0.00	0.00	0.00	0.00	0.00	0.00	0.00	0.00	0.00	0.00	0.00	0.00	0.00	0.00	0.00	0.00	0.00	0.00	0.00	0.00	0.00	0.00	0.00	0.00	0.00	0.00	0.00	0.00	0.00	0.00	0.00	0.00	0.00
26.04.2023 16:15:00	600.00	28.39	28.43	29.65	29.65	29.65	442.19	6.45	0.03	841.78	0.25	0.06	0.02	0.20	0.20	0.24	0.28	0.30	841776124.91	0.00	23.56	1002.70	26.38	18.59	0.13	1.39	25.00	->	31.30	112.87	129.16	117.77	123.65	133.67	107.53	48.32	17.58	8.41	4.45	2.53	1.68	1.11	0.71	0.36	0.23	0.09	0.05	0.03	0.03	0.01	0.00	0.00	0.00	0.00	0.00	0.00	0.00	0.00	0.00	0.00	0.00	0.00	0.00	0.00	0.00	0.00	0.00	0.00	0.00	0.00	0.00	0.00	0.00	0.00	0.00	0.00	0.00	0.00	0.00	0.00	0.00	0.00	0.00	0.00	0.00	0.00	0.00	0.00	0.00	0.00	0.00	0.00
26.04.2023 16:16:00	600.00	29.63	29.67	30.93	30.93	30.93	431.11	6.46	0.03	882.34	0.25	0.06	0.02	0.20	0.20	0.24	0.28	0.30	882339061.65	0.00	23.64	1002.70	26.32	18.71	0.13	1.39	25.00	->	33.52	119.75	135.69	123.95	128.82	138.60	112.36	50.85	18.24	8.58	4.62	2.64	1.72	1.17	0.77	0.36	0.23	0.09	0.06	0.03	0.02	0.01	0.00	0.00	0.00	0.00	0.00	0.00	0.00	0.00	0.00	0.00	0.00	0.00	0.00	0.00	0.00	0.00	0.00	0.00	0.00	0.00	0.00	0.00	0.00	0.00	0.00	0.00	0.00	0.00	0.00	0.00	0.00	0.00	0.00	0.00	0.00	0.00	0.00	0.00	0.00	0.00	0.00	0.00
26.04.2023 16:17:00	600.00	30.65	30.69	32.00	32.00	32.00	420.16	6.64	0.03	916.51	0.25	0.06	0.02	0.20	0.20	0.24	0.28	0.29	916512699.09	0.00	23.71	1002.71	26.25	19.02	0.14	1.39	25.00	->	35.31	125.76	141.82	129.07	133.36	142.57	115.82	52.72	18.76	8.94	4.73	2.81	1.76	1.17	0.80	0.36	0.24	0.11	0.06	0.03	0.02	0.01	0.00	0.00	0.00	0.00	0.00	0.00	0.00	0.00	0.00	0.00	0.00	0.00	0.00	0.00	0.00	0.00	0.00	0.00	0.00	0.00	0.00	0.00	0.00	0.00	0.00	0.00	0.00	0.00	0.00	0.00	0.00	0.00	0.00	0.00	0.00	0.00	0.00	0.00	0.00	0.00	0.00	0.00
26.04.2023 16:18:00	600.00	31.32	31.38	32.77	32.78	32.78	410.05	6.97	0.03	940.16	0.25	0.06	0.02	0.20	0.20	0.24	0.28	0.29	940161021.12	0.00	23.79	1002.72	26.19	19.53	0.14	1.39	25.00	->	36.87	130.35	146.70	132.15	136.11	144.68	118.46	53.89	19.12	9.15	4.90	2.91	1.79	1.15	0.83	0.36	0.23	0.11	0.07	0.03	0.03	0.01	0.00	0.00	0.00	0.00	0.00	0.00	0.00	0.00	0.00	0.00	0.00	0.00	0.00	0.00	0.00	0.00	0.00	0.00	0.00	0.00	0.00	0.00	0.00	0.00	0.00	0.00	0.00	0.00	0.00	0.00	0.00	0.00	0.00	0.00	0.00	0.00	0.00	0.00	0.00	0.00	0.00	0.00
26.04.2023 16:19:00	600.00	31.50	31.56	32.96	32.96	32.97	400.50	7.28	0.03	945.12	0.25	0.06	0.02	0.20	0.20	0.24	0.28	0.29	945119392.75	0.00	23.87	1002.73	26.12	20.21	0.15	1.39	25.00	->	37.04	130.57	147.69	132.90	136.89	145.59	119.39	53.90	19.20	9.26	4.94	2.89	1.76	1.20	0.82	0.36	0.23	0.10	0.07	0.03	0.02	0.01	0.00	0.00	0.00	0.00	0.00	0.00	0.00	0.00	0.00	0.00	0.00	0.00	0.00	0.00	0.00	0.00	0.00	0.00	0.00	0.00	0.00	0.00	0.00	0.00	0.00	0.00	0.00	0.00	0.00	0.00	0.00	0.00	0.00	0.00	0.00	0.00	0.00	0.00	0.00	0.00	0.00	0.00
26.04.2023 16:20:00	600.00	31.44	31.52	32.94	32.94	32.96	391.38	7.59	0.03	943.89	0.25	0.06	0.02	0.20	0.20	0.24	0.28	0.29	943891676.16	0.00	23.94	1002.73	26.07	21.04	0.15	1.39	25.00	->	37.03	130.13	147.30	132.78	137.18	145.95	118.91	53.63	19.02	9.41	4.99	2.87	1.65	1.16	0.81	0.36	0.22	0.10	0.06	0.03	0.02	0.01	0.00	0.00	0.00	0.00	0.00	0.00	0.00	0.00	0.00	0.00	0.00	0.00	0.00	0.00	0.00	0.00	0.00	0.00	0.00	0.00	0.00	0.00	0.00	0.00	0.00	0.00	0.00	0.00	0.00	0.00	0.00	0.00	0.00	0.00	0.00	0.00	0.00	0.00	0.00	0.00	0.00	0.00
26.04.2023 16:21:00	600.00	31.38	31.46	32.88	32.88	32.89	382.40	7.84	0.04	941.09	0.25	0.06	0.02	0.20	0.20	0.24	0.28	0.29	941092630.19	0.00	24.01	1002.73	26.01	21.98	0.16	1.39	25.00	->	37.10	129.16	146.71	132.49	136.62	145.94	118.64	53.61	18.97	9.37	4.94	2.86	1.63	1.15	0.82	0.39	0.21	0.10	0.07	0.03	0.02	0.01	0.00	0.00	0.00	0.00	0.00	0.00	0.00	0.00	0.00	0.00	0.00	0.00	0.00	0.00	0.00	0.00	0.00	0.00	0.00	0.00	0.00	0.00	0.00	0.00	0.00	0.00	0.00	0.00	0.00	0.00	0.00	0.00	0.00	0.00	0.00	0.00	0.00	0.00	0.00	0.00	0.00	0.00
26.04.2023 16:22:00	600.00	30.93	31.00	32.41	32.41	32.42	373.58	8.19	0.04	927.93	0.25	0.06	0.02	0.20	0.20	0.24	0.28	0.29	927933210.99	0.00	24.08	1002.73	25.95	23.03	0.17	1.39	25.00	->	36.73	127.41	144.86	130.21	134.69	144.30	116.83	52.67	18.87	9.14	4.82	2.83	1.55	1.15	0.83	0.36	0.22	0.09	0.08	0.03	0.02	0.01	0.00	0.00	0.00	0.00	0.00	0.00	0.00	0.00	0.00	0.00	0.00	0.00	0.00	0.00	0.00	0.00	0.00	0.00	0.00	0.00	0.00	0.00	0.00	0.00	0.00	0.00	0.00	0.00	0.00	0.00	0.00	0.00	0.00	0.00	0.00	0.00	0.00	0.00	0.00	0.00	0.00	0.00
26.04.2023 16:23:00	600.00	30.16	30.23	31.60	31.60	31.61	364.90	8.62	0.04	905.75	0.25	0.06	0.02	0.20	0.20	0.24	0.28	0.29	905754880.00	0.00	24.15	1002.73	25.90	23.96	0.18	1.39	25.00	->	35.80	124.67	141.74	126.75	132.25	140.61	113.78	51.07	18.24	8.95	4.70	2.72	1.53	1.11	0.80	0.37	0.22	0.10	0.08	0.03	0.01	0.00	0.00	0.00	0.00	0.00	0.00	0.00	0.00	0.00	0.00	0.00	0.00	0.00	0.00	0.00	0.00	0.00	0.00	0.00	0.00	0.00	0.00	0.00	0.00	0.00	0.00	0.00	0.00	0.00	0.00	0.00	0.00	0.00	0.00	0.00	0.00	0.00	0.00	0.00	0.00	0.00	0.00	0.00
26.04.2023 16:24:00	600.00	29.08	29.14	30.47	30.47	30.48	356.59	9.11	0.04	871.48	0.25	0.06	0.02	0.20	0.20	0.24	0.28	0.29	871482803.31	0.00	24.22	1002.73	25.85	24.77	0.19	1.39	25.00	->	33.88	118.97	136.01	121.89	128.06	136.88	109.94	48.27	17.57	8.64	4.44	2.60	1.48	1.10	0.77	0.36	0.19	0.10	0.07	0.03	0.01	0.00	0.00	0.00	0.00	0.00	0.00	0.00	0.00	0.00	0.00	0.00	0.00	0.00	0.00	0.00	0.00	0.00	0.00	0.00	0.00	0.00	0.00	0.00	0.00	0.00	0.00	0.00	0.00	0.00	0.00	0.00	0.00	0.00	0.00	0.00	0.00	0.00	0.00	0.00	0.00	0.00	0.00	0.00
26.04.2023 16:25:00	600.00	27.85	27.92	29.19	29.19	29.20	348.80	9.54	0.04	832.87	0.25	0.06	0.02	0.20	0.20	0.24	0.28	0.29	832870964.91	0.00	24.29	1002.73	25.81	25.52	0.21	1.39	25.00	->	31.68	112.84	129.66	116.46	123.13	132.03	105.36	45.90	16.69	8.27	4.22	2.49	1.46	1.06	0.72	0.34	0.19	0.09	0.07	0.03	0.01	0.00	0.00	0.00	0.00	0.00	0.00	0.00	0.00	0.00	0.00	0.00	0.00	0.00	0.00	0.00	0.00	0.00	0.00	0.00	0.00	0.00	0.00	0.00	0.00	0.00	0.00	0.00	0.00	0.00	0.00	0.00	0.00	0.00	0.00	0.00	0.00	0.00	0.00	0.00	0.00	0.00	0.00	0.00
26.04.2023 16:26:00	600.00	26.51	26.57	27.79	27.79	27.80	340.94	10.30	0.05	789.32	0.25	0.06	0.02	0.20	0.20	0.24	0.28	0.29	789317911.68	0.00	24.35	1002.73	25.77	26.14	0.23	1.39	25.00	->	29.30	105.51	122.68	110.18	117.43	127.02	100.01	43.00	15.89	7.91	4.01	2.40	1.43	1.00	0.66	0.34	0.19	0.10	0.06	0.03	0.01	0.00	0.00	0.00	0.00	0.00	0.00	0.00	0.00	0.00	0.00	0.00	0.00	0.00	0.00	0.00	0.00	0.00	0.00	0.00	0.00	0.00	0.00	0.00	0.00	0.00	0.00	0.00	0.00	0.00	0.00	0.00	0.00	0.00	0.00	0.00	0.00	0.00	0.00	0.00	0.00	0.00	0.00	0.00
26.04.2023 16:27:00	600.00	25.17	25.23	26.39	26.39	26.40	333.42	10.72	0.05	745.84	0.25	0.06	0.02	0.20	0.20	0.24	0.28	0.29	745838489.92	0.00	24.42	1002.74	25.73	26.63	0.24	1.39	25.00	->	27.11	98.37	115.17	104.35	111.63	121.58	94.95	40.30	15.05	7.32	3.80	2.29	1.43	0.97	0.63	0.36	0.19	0.09	0.06	0.04	0.01	0.00	0.00	0.00	0.00	0.00	0.00	0.00	0.00	0.00	0.00	0.00	0.00	0.00	0.00	0.00	0.00	0.00	0.00	0.00	0.00	0.00	0.00	0.00	0.00	0.00	0.00	0.00	0.00	0.00	0.00	0.00	0.00	0.00	0.00	0.00	0.00	0.00	0.00	0.00	0.00	0.00	0.00	0.00
26.04.2023 16:28:00	600.00	24.01	24.05	25.11	25.11	25.11	326.01	11.31	0.05	710.63	0.25	0.06	0.02	0.20	0.20	0.24	0.28	0.29	710627413.01	0.00	24.48	1002.73	25.69	27.02	0.26	1.39	25.00	->	25.46	93.19	109.03	99.91	106.88	117.13	90.36	38.05	14.14	6.98	3.57	2.17	1.37	0.96	0.56	0.35	0.17	0.10	0.06	0.03	0.01	0.00	0.00	0.00	0.00	0.00	0.00	0.00	0.00	0.00	0.00	0.00	0.00	0.00	0.00	0.00	0.00	0.00	0.00	0.00	0.00	0.00	0.00	0.00	0.00	0.00	0.00	0.00	0.00	0.00	0.00	0.00	0.00	0.00	0.00	0.00	0.00	0.00	0.00	0.00	0.00	0.00	0.00	0.00
26.04.2023 16:29:00	600.00	23.24	23.28	24.30	24.30	24.31	318.84	12.09	0.05	690.97	0.25	0.06	0.02	0.20	0.20	0.24	0.28	0.29	690965212.16	0.00	24.54	1002.72	25.66	27.34	0.28	1.39	25.00	->	25.33	91.62	106.30	97.54	103.31	113.78	86.91	36.91	13.53	6.73	3.40	2.05	1.32	0.85	0.53	0.35	0.17	0.10	0.06	0.04	0.01	0.00	0.00	0.00	0.00	0.00	0.00	0.00	0.00	0.00	0.00	0.00	0.00	0.00	0.00	0.00	0.00	0.00	0.00	0.00	0.00	0.00	0.00	0.00	0.00	0.00	0.00	0.00	0.00	0.00	0.00	0.00	0.00	0.00	0.00	0.00	0.00	0.00	0.00	0.00	0.00	0.00	0.00	0.00
26.04.2023 16:30:00	600.00	22.57	22.60	23.56	23.56	23.56	311.75	12.95	0.06	674.57	0.25	0.06	0.02	0.20	0.20	0.24	0.28	0.29	674570765.01	0.00	24.60	1002.71	25.64	27.66	0.30	1.39	25.00	->	25.23	90.84	104.43	95.20	100.40	110.58	84.35	35.45	13.06	6.31	3.21	1.96	1.31	0.86	0.51	0.35	0.17	0.09	0.06	0.04	0.01	0.01	0.00	0.00	0.00	0.00	0.00	0.00	0.00	0.00	0.00	0.00	0.00	0.00	0.00	0.00	0.00	0.00	0.00	0.00	0.00	0.00	0.00	0.00	0.00	0.00	0.00	0.00	0.00	0.00	0.00	0.00	0.00	0.00	0.00	0.00	0.00	0.00	0.00	0.00	0.00	0.00	0.00	0.00
26.04.2023 16:31:00	600.00	21.76	21.78	22.71	22.71	22.71	305.08	13.61	0.06	652.96	0.25	0.06	0.02	0.20	0.20	0.24	0.28	0.29	652960899.52	0.00	24.66	1002.71	25.61	27.95	0.32	1.39	25.00	->	24.71	88.99	101.72	92.30	96.99	106.14	81.13	33.98	12.50	6.07	3.13	1.90	1.26	0.83	0.50	0.34	0.16	0.09	0.05	0.04	0.00	0.00	0.00	0.00	0.00	0.00	0.00	0.00	0.00	0.00	0.00	0.00	0.00	0.00	0.00	0.00	0.00	0.00	0.00	0.00	0.00	0.00	0.00	0.00	0.00	0.00	0.00	0.00	0.00	0.00	0.00	0.00	0.00	0.00	0.00	0.00	0.00	0.00	0.00	0.00	0.00	0.00	0.00	0.00
26.04.2023 16:32:00	600.00	21.20	21.22	22.13	22.13	22.13	299.14	14.15	0.06	638.66	0.25	0.06	0.02	0.20	0.20	0.24	0.28	0.29	638662700.80	0.00	24.72	1002.71	25.58	28.15	0.34	1.39	25.00	->	24.49	87.90	99.97	90.79	94.02	102.65	79.37	33.37	11.99	5.93	3.07	1.85	1.23	0.78	0.47	0.32	0.15	0.09	0.04	0.03	0.00	0.00	0.00	0.00	0.00	0.00	0.00	0.00	0.00	0.00	0.00	0.00	0.00	0.00	0.00	0.00	0.00	0.00	0.00	0.00	0.00	0.00	0.00	0.00	0.00	0.00	0.00	0.00	0.00	0.00	0.00	0.00	0.00	0.00	0.00	0.00	0.00	0.00	0.00	0.00	0.00	0.00	0.00	0.00
26.04.2023 16:33:00	600.00	20.78	20.81	21.70	21.70	21.70	293.62	14.53	0.07	626.42	0.24	0.06	0.02	0.20	0.20	0.24	0.28	0.29	626424067.25	0.00	24.78	1002.72	25.55	28.35	0.36	1.39	25.00	->	24.00	86.38	98.22	89.71	91.32	100.56	77.80	32.91	11.77	5.75	2.97	1.77	1.23	0.77	0.46	0.31	0.15	0.10	0.04	0.04	0.00	0.01	0.00	0.00	0.00	0.00	0.00	0.00	0.00	0.00	0.00	0.00	0.00	0.00	0.00	0.00	0.00	0.00	0.00	0.00	0.00	0.00	0.00	0.00	0.00	0.00	0.00	0.00	0.00	0.00	0.00	0.00	0.00	0.00	0.00	0.00	0.00	0.00	0.00	0.00	0.00	0.00	0.00	0.00
26.04.2023 16:34:00	600.00	20.30	20.33	21.20	21.20	21.20	287.78	15.08	0.07	611.80	0.25	0.06	0.02	0.20	0.20	0.24	0.28	0.29	611801785.92	0.00	24.84	1002.73	25.53	28.52	0.37	1.39	25.00	->	23.45	84.04	96.11	88.08	88.80	97.76	76.35	32.55	11.32	5.60	2.85	1.74	1.23	0.72	0.43	0.29	0.15	0.10	0.04	0.03	0.01	0.01	0.00	0.00	0.00	0.00	0.00	0.00	0.00	0.00	0.00	0.00	0.00	0.00	0.00	0.00	0.00	0.00	0.00	0.00	0.00	0.00	0.00	0.00	0.00	0.00	0.00	0.00	0.00	0.00	0.00	0.00	0.00	0.00	0.00	0.00	0.00	0.00	0.00	0.00	0.00	0.00	0.00	0.00
26.04.2023 16:35:00	600.00	19.91	19.94	20.79	20.79	20.79	281.98	15.57	0.07	599.54	0.25	0.06	0.02	0.20	0.20	0.24	0.28	0.29	599536763.25	0.00	24.90	1002.74	25.50	28.62	0.39	1.39	25.00	->	22.99	81.74	94.57	86.61	86.82	95.99	74.89	31.80	11.14	5.42	2.77	1.71	1.15	0.73	0.44	0.30	0.15	0.10	0.05	0.03	0.01	0.01	0.00	0.00	0.00	0.00	0.00	0.00	0.00	0.00	0.00	0.00	0.00	0.00	0.00	0.00	0.00	0.00	0.00	0.00	0.00	0.00	0.00	0.00	0.00	0.00	0.00	0.00	0.00	0.00	0.00	0.00	0.00	0.00	0.00	0.00	0.00	0.00	0.00	0.00	0.00	0.00	0.00	0.00
26.04.2023 16:36:00	600.00	19.56	19.59	20.42	20.42	20.42	276.72	16.02	0.07	588.66	0.25	0.06	0.02	0.20	0.20	0.24	0.28	0.29	588658065.92	0.00	24.96	1002.73	25.47	28.72	0.40	1.39	25.00	->	22.58	79.95	92.67	85.40	85.01	94.31	73.64	31.50	10.99	5.31	2.68	1.59	1.10	0.73	0.45	0.29	0.13	0.09	0.04	0.03	0.01	0.01	0.00	0.00	0.00	0.00	0.00	0.00	0.00	0.00	0.00	0.00	0.00	0.00	0.00	0.00	0.00	0.00	0.00	0.00	0.00	0.00	0.00	0.00	0.00	0.00	0.00	0.00	0.00	0.00	0.00	0.00	0.00	0.00	0.00	0.00	0.00	0.00	0.00	0.00	0.00	0.00	0.00	0.00
26.04.2023 16:37:00	600.00	19.22	19.25	20.07	20.07	20.07	271.65	16.47	0.07	578.98	0.25	0.06	0.02	0.20	0.20	0.24	0.28	0.29	578975944.16	0.00	25.01	1002.73	25.44	28.82	0.42	1.39	25.00	->	22.03	78.71	91.13	83.93	83.91	92.34	72.79	31.13	10.74	5.26	2.68	1.46	1.04	0.68	0.43	0.28	0.13	0.08	0.04	0.03	0.01	0.01	0.00	0.00	0.00	0.00	0.00	0.00	0.00	0.00	0.00	0.00	0.00	0.00	0.00	0.00	0.00	0.00	0.00	0.00	0.00	0.00	0.00	0.00	0.00	0.00	0.00	0.00	0.00	0.00	0.00	0.00	0.00	0.00	0.00	0.00	0.00	0.00	0.00	0.00	0.00	0.00	0.00	0.00
26.04.2023 16:38:00	600.00	18.96	18.99	19.80	19.80	19.80	266.55	17.02	0.08	571.78	0.25	0.06	0.02	0.20	0.20	0.24	0.28	0.29	571780924.64	0.00	25.07	1002.72	25.42	28.92	0.43	1.39	25.00	->	21.88	77.82	90.34	82.89	82.56	90.74	71.86	30.94	10.74	5.12	2.66	1.41	1.02	0.67	0.42	0.27	0.13	0.08	0.03	0.03	0.01	0.01	0.00	0.00	0.00	0.00	0.00	0.00	0.00	0.00	0.00	0.00	0.00	0.00	0.00	0.00	0.00	0.00	0.00	0.00	0.00	0.00	0.00	0.00	0.00	0.00	0.00	0.00	0.00	0.00	0.00	0.00	0.00	0.00	0.00	0.00	0.00	0.00	0.00	0.00	0.00	0.00	0.00	0.00
26.04.2023 16:39:00	600.00	18.85	18.88	19.69	19.69	19.69	261.48	17.22	0.08	569.48	0.24	0.06	0.02	0.20	0.20	0.24	0.28	0.29	569476449.76	0.00	25.13	1002.72	25.38	29.00	0.44	1.39	25.00	->	22.20	78.25	90.13	82.39	81.87	89.50	71.47	30.88	10.76	5.04	2.60	1.52	1.01	0.69	0.46	0.27	0.14	0.08	0.02	0.02	0.01	0.01	0.01	0.00	0.00	0.00	0.00	0.00	0.00	0.00	0.00	0.00	0.00	0.00	0.00	0.00	0.00	0.00	0.00	0.00	0.00	0.00	0.00	0.00	0.00	0.00	0.00	0.00	0.00	0.00	0.00	0.00	0.00	0.00	0.00	0.00	0.00	0.00	0.00	0.00	0.00	0.00	0.00	0.00
26.04.2023 16:40:00	600.00	18.72	18.75	19.55	19.55	19.55	256.69	17.50	0.08	565.34	0.25	0.06	0.02	0.20	0.20	0.24	0.28	0.29	565343596.11	0.00	25.19	1002.72	25.34	29.00	0.46	1.39	25.00	->	21.96	77.66	89.85	81.42	81.35	88.17	70.97	31.18	10.86	5.05	2.55	1.52	0.98	0.68	0.46	0.25	0.14	0.09	0.02	0.02	0.01	0.01	0.01	0.00	0.00	0.00	0.00	0.00	0.00	0.00	0.00	0.00	0.00	0.00	0.00	0.00	0.00	0.00	0.00	0.00	0.00	0.00	0.00	0.00	0.00	0.00	0.00	0.00	0.00	0.00	0.00	0.00	0.00	0.00	0.00	0.00	0.00	0.00	0.00	0.00	0.00	0.00	0.00	0.00
26.04.2023 16:41:00	600.00	18.74	18.77	19.57	19.57	19.57	252.06	17.90	0.08	567.95	0.24	0.06	0.02	0.20	0.20	0.24	0.28	0.29	567952624.05	0.00	25.25	1002.72	25.31	29.00	0.47	1.39	25.00	->	22.31	78.93	90.64	81.56	81.08	88.01	71.31	31.47	10.89	5.06	2.50	1.47	0.97	0.66	0.40	0.24	0.14	0.09	0.02	0.02	0.02	0.01	0.01	0.00	0.00	0.00	0.00	0.00	0.00	0.00	0.00	0.00	0.00	0.00	0.00	0.00	0.00	0.00	0.00	0.00	0.00	0.00	0.00	0.00	0.00	0.00	0.00	0.00	0.00	0.00	0.00	0.00	0.00	0.00	0.00	0.00	0.00	0.00	0.00	0.00	0.00	0.00	0.00	0.00
26.04.2023 16:42:00	600.00	18.74	18.77	19.57	19.57	19.57	247.17	18.30	0.08	568.79	0.24	0.06	0.02	0.20	0.20	0.24	0.28	0.29	568788432.27	0.00	25.30	1002.72	25.27	29.00	0.48	1.39	25.00	->	22.61	79.38	90.70	81.56	81.30	88.35	71.10	31.25	10.83	5.07	2.47	1.45	0.96	0.69	0.39	0.25	0.14	0.08	0.02	0.02	0.03	0.01	0.01	0.00	0.00	0.00	0.00	0.00	0.00	0.00	0.00	0.00	0.00	0.00	0.00	0.00	0.00	0.00	0.00	0.00	0.00	0.00	0.00	0.00	0.00	0.00	0.00	0.00	0.00	0.00	0.00	0.00	0.00	0.00	0.00	0.00	0.00	0.00	0.00	0.00	0.00	0.00	0.00	0.00
26.04.2023 16:43:00	600.00	18.75	18.78	19.58	19.58	19.58	242.33	18.74	0.08	571.07	0.24	0.06	0.02	0.20	0.20	0.24	0.28	0.29	571068626.72	0.00	25.36	1002.72	25.23	29.00	0.50	1.39	25.00	->	23.26	80.41	91.21	81.27	81.42	88.22	71.42	31.25	10.80	5.16	2.49	1.46	0.93	0.69	0.39	0.24	0.14	0.07	0.02	0.01	0.03	0.00	0.01	0.00	0.00	0.00	0.00	0.00	0.00	0.00	0.00	0.00	0.00	0.00	0.00	0.00	0.00	0.00	0.00	0.00	0.00	0.00	0.00	0.00	0.00	0.00	0.00	0.00	0.00	0.00	0.00	0.00	0.00	0.00	0.00	0.00	0.00	0.00	0.00	0.00	0.00	0.00	0.00	0.00
26.04.2023 16:44:00	600.00	18.73	18.75	19.55	19.55	19.55	238.98	18.83	0.09	572.05	0.24	0.06	0.02	0.20	0.20	0.24	0.28	0.29	572054072.11	0.00	25.41	1002.71	25.21	29.00	0.51	1.39	25.00	->	23.59	81.40	91.54	81.26	81.17	87.88	71.18	31.28	10.95	5.18	2.48	1.44	0.92	0.69	0.41	0.24	0.14	0.07	0.02	0.01	0.03	0.00	0.01	0.00	0.00	0.00	0.00	0.00	0.00	0.00	0.00	0.00	0.00	0.00	0.00	0.00	0.00	0.00	0.00	0.00	0.00	0.00	0.00	0.00	0.00	0.00	0.00	0.00	0.00	0.00	0.00	0.00	0.00	0.00	0.00	0.00	0.00	0.00	0.00	0.00	0.00	0.00	0.00	0.00
26.04.2023 16:45:00	600.00	18.77	18.79	19.60	19.60	19.60	237.02	19.10	0.09	575.35	0.24	0.06	0.02	0.20	0.20	0.24	0.28	0.29	575349797.17	0.00	25.45	1002.70	25.19	29.00	0.52	1.39	25.00	->	24.06	83.18	92.02	81.47	81.14	87.87	71.47	31.46	10.90	5.22	2.44	1.42	0.90	0.68	0.41	0.23	0.15	0.08	0.01	0.02	0.03	0.00	0.01	0.00	0.00	0.00	0.00	0.00	0.00	0.00	0.00	0.00	0.00	0.00	0.00	0.00	0.00	0.00	0.00	0.00	0.00	0.00	0.00	0.00	0.00	0.00	0.00	0.00	0.00	0.00	0.00	0.00	0.00	0.00	0.00	0.00	0.00	0.00	0.00	0.00	0.00	0.00	0.00	0.00
26.04.2023 16:46:00	600.00	18.81	18.84	19.65	19.65	19.65	235.50	19.11	0.09	578.16	0.24	0.06	0.02	0.20	0.20	0.24	0.28	0.29	578156760.11	0.00	25.49	1002.70	25.16	29.00	0.53	1.38	25.00	->	24.53	84.37	93.14	81.48	81.44	87.31	71.64	31.44	10.85	5.23	2.42	1.51	0.96	0.70	0.41	0.22	0.17	0.09	0.03	0.01	0.02	0.00	0.01	0.01	0.00	0.00	0.00	0.00	0.00	0.00	0.00	0.00	0.00	0.00	0.00	0.00	0.00	0.00	0.00	0.00	0.00	0.00	0.00	0.00	0.00	0.00	0.00	0.00	0.00	0.00	0.00	0.00	0.00	0.00	0.00	0.00	0.00	0.00	0.00	0.00	0.00	0.00	0.00	0.00
26.04.2023 16:47:00	600.00	18.78	18.84	19.70	19.73	19.76	234.81	19.52	0.09	578.33	0.24	0.06	0.02	0.20	0.20	0.24	0.28	0.29	578329887.63	0.00	25.54	1002.70	25.16	29.00	0.53	1.38	25.00	->	24.75	84.70	93.94	81.63	80.51	86.93	71.55	31.49	10.83	5.22	2.45	1.55	0.92	0.75	0.41	0.20	0.16	0.08	0.02	0.02	0.03	0.00	0.01	0.01	0.00	0.00	0.00	0.00	0.00	0.00	0.00	0.00	0.00	0.00	0.00	0.00	0.00	0.00	0.00	0.00	0.00	0.00	0.00	0.00	0.00	0.00	0.00	0.00	0.00	0.00	0.00	0.00	0.00	0.00	0.00	0.00	0.00	0.00	0.00	0.00	0.00	0.00	0.00	0.00
26.04.2023 16:48:00	600.00	18.63	18.68	19.54	19.58	19.60	236.75	19.68	0.09	573.20	0.24	0.06	0.02	0.20	0.20	0.24	0.28	0.29	573201559.63	0.00	25.63	1002.70	25.08	29.08	0.53	1.38	25.00	->	24.51	83.83	93.34	80.31	80.21	86.11	71.05	31.16	10.70	5.25	2.41	1.56	0.92	0.74	0.38	0.20	0.16	0.08	0.03	0.02	0.03	0.00	0.01	0.01	0.00	0.00	0.00	0.00	0.00	0.00	0.00	0.00	0.00	0.00	0.00	0.00	0.00	0.00	0.00	0.00	0.00	0.00	0.00	0.00	0.00	0.00	0.00	0.00	0.00	0.00	0.00	0.00	0.00	0.00	0.00	0.00	0.00	0.00	0.00	0.00	0.00	0.00	0.00	0.00
26.04.2023 16:49:00	600.00	18.25	18.30	19.14	19.17	19.19	240.28	19.96	0.09	559.71	0.24	0.06	0.02	0.20	0.20	0.24	0.28	0.29	559706180.11	0.00	25.76	1002.70	24.95	29.18	0.51	1.37	25.00	->	23.37	81.03	91.16	78.36	79.02	84.68	69.70	30.24	10.38	5.13	2.42	1.54	0.88	0.75	0.35	0.20	0.16	0.07	0.03	0.02	0.03	0.00	0.00	0.00	0.00	0.00	0.00	0.00	0.00	0.00	0.00	0.00	0.00	0.00	0.00	0.00	0.00	0.00	0.00	0.00	0.00	0.00	0.00	0.00	0.00	0.00	0.00	0.00	0.00	0.00	0.00	0.00	0.00	0.00	0.00	0.00	0.00	0.00	0.00	0.00	0.00	0.00	0.00	0.00
26.04.2023 16:50:00	600.00	17.88	17.93	18.76	18.79	18.81	243.84	20.00	0.09	547.82	0.24	0.06	0.02	0.20	0.20	0.24	0.28	0.29	547824882.67	0.00	25.90	1002.70	24.80	29.34	0.50	1.37	25.00	->	22.76	78.92	88.67	76.97	77.54	83.74	68.44	29.17	10.01	5.06	2.42	1.54	0.91	0.70	0.32	0.20	0.15	0.08	0.03	0.02	0.02	0.00	0.00	0.00	0.00	0.00	0.00	0.00	0.00	0.00	0.00	0.00	0.00	0.00	0.00	0.00	0.00	0.00	0.00	0.00	0.00	0.00	0.00	0.00	0.00	0.00	0.00	0.00	0.00	0.00	0.00	0.00	0.00	0.00	0.00	0.00	0.00	0.00	0.00	0.00	0.00	0.00	0.00	0.00
26.04.2023 16:51:00	600.00	17.60	17.65	18.46	18.49	18.52	247.24	19.82	0.09	537.43	0.24	0.06	0.02	0.20	0.20	0.24	0.28	0.29	537428088.53	0.00	26.04	1002.70	24.63	29.54	0.49	1.37	25.00	->	21.97	76.98	86.86	75.48	76.38	83.00	67.18	28.18	9.83	4.90	2.43	1.55	0.96	0.71	0.34	0.21	0.14	0.07	0.04	0.03	0.01	0.00	0.00	0.00	0.00	0.00	0.00	0.00	0.00	0.00	0.00	0.00	0.00	0.00	0.00	0.00	0.00	0.00	0.00	0.00	0.00	0.00	0.00	0.00	0.00	0.00	0.00	0.00	0.00	0.00	0.00	0.00	0.00	0.00	0.00	0.00	0.00	0.00	0.00	0.00	0.00	0.00	0.00	0.00
26.04.2023 16:52:00	600.00	17.33	17.37	18.18	18.21	18.23	250.79	19.82	0.09	528.51	0.24	0.06	0.02	0.20	0.20	0.24	0.28	0.29	528511837.97	0.00	26.20	1002.70	24.47	29.77	0.48	1.37	25.00	->	21.64	75.37	85.66	74.03	75.32	81.69	66.19	27.52	9.61	4.82	2.40	1.60	0.97	0.68	0.36	0.21	0.14	0.08	0.04	0.03	0.01	0.00	0.00	0.00	0.00	0.00	0.00	0.00	0.00	0.00	0.00	0.00	0.00	0.00	0.00	0.00	0.00	0.00	0.00	0.00	0.00	0.00	0.00	0.00	0.00	0.00	0.00	0.00	0.00	0.00	0.00	0.00	0.00	0.00	0.00	0.00	0.00	0.00	0.00	0.00	0.00	0.00	0.00	0.00
26.04.2023 16:53:00	600.00	17.13	17.18	17.98	18.01	18.03	254.15	19.99	0.09	522.42	0.24	0.06	0.02	0.20	0.20	0.24	0.28	0.29	522421816.91	0.00	26.35	1002.70	24.29	30.07	0.47	1.36	25.00	->	21.33	74.48	84.72	73.26	74.64	80.78	65.27	27.07	9.52	4.70	2.38	1.57	0.99	0.67	0.40	0.21	0.13	0.09	0.04	0.03	0.00	0.00	0.00	0.00	0.00	0.00	0.00	0.00	0.00	0.00	0.00	0.00	0.00	0.00	0.00	0.00	0.00	0.00	0.00	0.00	0.00	0.00	0.00	0.00	0.00	0.00	0.00	0.00	0.00	0.00	0.00	0.00	0.00	0.00	0.00	0.00	0.00	0.00	0.00	0.00	0.00	0.00	0.00	0.00
26.04.2023 16:54:00	600.00	17.08	17.13	17.92	17.95	17.98	256.18	20.07	0.09	522.49	0.24	0.06	0.02	0.20	0.20	0.24	0.28	0.29	522491754.08	0.00	26.51	1002.71	24.10	30.39	0.47	1.36	25.00	->	21.75	75.02	85.00	73.40	74.58	80.08	65.00	26.97	9.39	4.62	2.40	1.56	1.00	0.68	0.40	0.21	0.14	0.08	0.04	0.04	0.01	0.00	0.00	0.00	0.00	0.00	0.00	0.00	0.00	0.00	0.00	0.00	0.00	0.00	0.00	0.00	0.00	0.00	0.00	0.00	0.00	0.00	0.00	0.00	0.00	0.00	0.00	0.00	0.00	0.00	0.00	0.00	0.00	0.00	0.00	0.00	0.00	0.00	0.00	0.00	0.00	0.00	0.00	0.00
26.04.2023 16:55:00	600.00	16.98	17.02	17.81	17.84	17.86	256.77	20.16	0.09	520.58	0.24	0.06	0.02	0.20	0.20	0.24	0.28	0.29	520582355.57	0.00	26.68	1002.71	23.89	30.79	0.47	1.35	25.00	->	21.97	75.03	85.31	72.95	74.28	79.16	64.59	26.54	9.43	4.62	2.47	1.53	1.00	0.69	0.41	0.19	0.11	0.07	0.04	0.03	0.01	0.00	0.00	0.01	0.00	0.00	0.00	0.00	0.00	0.00	0.00	0.00	0.00	0.00	0.00	0.00	0.00	0.00	0.00	0.00	0.00	0.00	0.00	0.00	0.00	0.00	0.00	0.00	0.00	0.00	0.00	0.00	0.00	0.00	0.00	0.00	0.00	0.00	0.00	0.00	0.00	0.00	0.00	0.00
26.04.2023 16:56:00	600.00	16.91	16.95	17.74	17.77	17.79	256.83	20.37	0.09	519.90	0.24	0.06	0.02	0.20	0.20	0.24	0.28	0.29	519902519.31	0.00	26.85	1002.71	23.69	31.19	0.47	1.35	25.00	->	22.15	75.26	85.20	72.61	74.30	78.86	64.56	26.47	9.39	4.54	2.45	1.49	1.01	0.65	0.38	0.21	0.11	0.06	0.03	0.03	0.01	0.00	0.00	0.00	0.00	0.00	0.00	0.00	0.00	0.00	0.00	0.00	0.00	0.00	0.00	0.00	0.00	0.00	0.00	0.00	0.00	0.00	0.00	0.00	0.00	0.00	0.00	0.00	0.00	0.00	0.00	0.00	0.00	0.00	0.00	0.00	0.00	0.00	0.00	0.00	0.00	0.00	0.00	0.00
26.04.2023 16:57:00	600.00	16.99	17.01	17.73	17.73	17.73	256.14	20.29	0.09	523.42	0.24	0.06	0.02	0.20	0.20	0.24	0.28	0.29	523423097.76	0.00	27.02	1002.71	23.46	31.69	0.47	1.35	25.00	->	22.68	76.32	85.67	72.81	74.73	79.05	64.97	26.55	9.45	4.62	2.44	1.47	1.05	0.65	0.38	0.21	0.10	0.07	0.03	0.02	0.01	0.00	0.00	0.00	0.00	0.00	0.00	0.00	0.00	0.00	0.00	0.00	0.00	0.00	0.00	0.00	0.00	0.00	0.00	0.00	0.00	0.00	0.00	0.00	0.00	0.00	0.00	0.00	0.00	0.00	0.00	0.00	0.00	0.00	0.00	0.00	0.00	0.00	0.00	0.00	0.00	0.00	0.00	0.00
26.04.2023 16:58:00	600.00	17.10	17.12	17.85	17.85	17.85	253.04	20.13	0.09	528.05	0.24	0.06	0.02	0.20	0.20	0.24	0.28	0.29	528054480.75	0.00	27.14	1002.71	23.31	32.12	0.48	1.35	25.00	->	23.04	77.59	86.19	73.67	74.94	79.72	65.54	26.67	9.46	4.61	2.44	1.47	1.06	0.66	0.42	0.22	0.09	0.06	0.03	0.02	0.01	0.00	0.00	0.00	0.00	0.00	0.00	0.00	0.00	0.00	0.00	0.00	0.00	0.00	0.00	0.00	0.00	0.00	0.00	0.00	0.00	0.00	0.00	0.00	0.00	0.00	0.00	0.00	0.00	0.00	0.00	0.00	0.00	0.00	0.00	0.00	0.00	0.00	0.00	0.00	0.00	0.00	0.00	0.00
26.04.2023 16:59:00	600.00	17.15	17.17	17.90	17.90	17.90	248.46	20.28	0.09	529.05	0.24	0.06	0.02	0.20	0.20	0.24	0.28	0.29	529047315.68	0.00	27.22	1002.72	23.20	32.62	0.49	1.35	25.00	->	23.11	77.51	86.35	73.62	75.15	80.07	65.92	26.62	9.36	4.71	2.45	1.45	1.08	0.65	0.44	0.23	0.09	0.06	0.04	0.02	0.01	0.00	0.00	0.00	0.00	0.00	0.00	0.00	0.00	0.00	0.00	0.00	0.00	0.00	0.00	0.00	0.00	0.00	0.00	0.00	0.00	0.00	0.00	0.00	0.00	0.00	0.00	0.00	0.00	0.00	0.00	0.00	0.00	0.00	0.00	0.00	0.00	0.00	0.00	0.00	0.00	0.00	0.00	0.00
26.04.2023 17:00:00	600.00	17.19	17.20	17.94	17.94	17.94	243.92	20.51	0.09	529.95	0.24	0.06	0.02	0.20	0.20	0.24	0.28	0.29	529945142.93	0.00	27.30	1002.73	23.12	33.06	0.50	1.35	25.00	->	23.07	77.66	86.63	73.98	75.18	79.98	65.75	26.93	9.35	4.74	2.43	1.46	1.07	0.68	0.47	0.24	0.09	0.05	0.04	0.02	0.01	0.00	0.00	0.00	0.00	0.00	0.00	0.00	0.00	0.00	0.00	0.00	0.00	0.00	0.00	0.00	0.00	0.00	0.00	0.00	0.00	0.00	0.00	0.00	0.00	0.00	0.00	0.00	0.00	0.00	0.00	0.00	0.00	0.00	0.00	0.00	0.00	0.00	0.00	0.00	0.00	0.00	0.00	0.00
26.04.2023 17:01:00	600.00	17.17	17.19	17.93	17.93	17.93	239.28	20.70	0.09	528.18	0.24	0.06	0.02	0.20	0.20	0.24	0.28	0.29	528180366.61	0.00	27.37	1002.73	23.05	33.55	0.51	1.35	25.00	->	22.85	76.69	85.98	73.88	75.27	79.93	65.74	27.04	9.35	4.74	2.46	1.46	1.06	0.70	0.46	0.23	0.09	0.05	0.03	0.01	0.01	0.00	0.00	0.00	0.00	0.00	0.00	0.00	0.00	0.00	0.00	0.00	0.00	0.00	0.00	0.00	0.00	0.00	0.00	0.00	0.00	0.00	0.00	0.00	0.00	0.00	0.00	0.00	0.00	0.00	0.00	0.00	0.00	0.00	0.00	0.00	0.00	0.00	0.00	0.00	0.00	0.00	0.00	0.00
26.04.2023 17:02:00	600.00	17.20	17.23	17.96	17.96	17.96	234.55	21.13	0.09	528.07	0.24	0.06	0.02	0.20	0.20	0.24	0.28	0.29	528071371.41	0.00	27.43	1002.73	22.98	34.01	0.52	1.35	25.00	->	22.57	76.60	85.94	73.79	75.41	79.96	65.91	26.96	9.45	4.70	2.55	1.43	1.06	0.72	0.46	0.23	0.10	0.05	0.03	0.01	0.01	0.01	0.00	0.01	0.00	0.00	0.00	0.00	0.00	0.00	0.00	0.00	0.00	0.00	0.00	0.00	0.00	0.00	0.00	0.00	0.00	0.00	0.00	0.00	0.00	0.00	0.00	0.00	0.00	0.00	0.00	0.00	0.00	0.00	0.00	0.00	0.00	0.00	0.00	0.00	0.00	0.00	0.00	0.00
26.04.2023 17:03:00	600.00	17.22	17.25	17.99	17.99	17.99	230.05	21.51	0.10	527.40	0.24	0.06	0.02	0.20	0.20	0.24	0.28	0.29	527397868.69	0.00	27.48	1002.73	22.93	34.41	0.53	1.35	25.00	->	22.20	75.86	85.93	73.69	75.70	80.18	66.06	26.84	9.45	4.66	2.65	1.46	1.02	0.71	0.42	0.23	0.12	0.06	0.03	0.01	0.01	0.01	0.00	0.01	0.00	0.00	0.00	0.00	0.00	0.00	0.00	0.00	0.00	0.00	0.00	0.00	0.00	0.00	0.00	0.00	0.00	0.00	0.00	0.00	0.00	0.00	0.00	0.00	0.00	0.00	0.00	0.00	0.00	0.00	0.00	0.00	0.00	0.00	0.00	0.00	0.00	0.00	0.00	0.00
26.04.2023 17:04:00	600.00	17.14	17.16	17.90	17.90	17.90	225.79	21.98	0.10	522.94	0.24	0.06	0.02	0.20	0.20	0.24	0.28	0.29	522941985.92	0.00	27.54	1002.73	22.88	34.79	0.55	1.35	25.00	->	21.66	74.42	84.62	73.06	75.66	80.67	65.41	26.40	9.48	4.70	2.63	1.48	1.08	0.69	0.41	0.23	0.11	0.06	0.03	0.00	0.01	0.01	0.00	0.01	0.00	0.00	0.00	0.00	0.00	0.00	0.00	0.00	0.00	0.00	0.00	0.00	0.00	0.00	0.00	0.00	0.00	0.00	0.00	0.00	0.00	0.00	0.00	0.00	0.00	0.00	0.00	0.00	0.00	0.00	0.00	0.00	0.00	0.00	0.00	0.00	0.00	0.00	0.00	0.00
26.04.2023 17:05:00	600.00	17.08	17.10	17.83	17.83	17.83	221.73	22.44	0.10	519.42	0.24	0.06	0.02	0.20	0.20	0.24	0.28	0.29	519415336.43	0.00	27.59	1002.73	22.84	35.09	0.56	1.35	25.00	->	21.17	73.48	83.59	72.64	75.60	80.64	65.11	26.30	9.35	4.66	2.57	1.54	1.11	0.65	0.41	0.26	0.12	0.06	0.03	0.00	0.01	0.01	0.00	0.00	0.00	0.00	0.00	0.00	0.00	0.00	0.00	0.00	0.00	0.00	0.00	0.00	0.00	0.00	0.00	0.00	0.00	0.00	0.00	0.00	0.00	0.00	0.00	0.00	0.00	0.00	0.00	0.00	0.00	0.00	0.00	0.00	0.00	0.00	0.00	0.00	0.00	0.00	0.00	0.00
26.04.2023 17:06:00	600.00	17.05	17.07	17.80	17.80	17.80	217.65	22.83	0.10	517.00	0.24	0.06	0.02	0.20	0.20	0.24	0.28	0.29	516998170.88	0.00	27.63	1002.73	22.79	35.39	0.57	1.35	25.00	->	20.81	72.64	82.96	72.65	75.52	80.60	64.64	26.07	9.38	4.69	2.64	1.57	1.06	0.67	0.46	0.26	0.12	0.06	0.05	0.01	0.01	0.01	0.00	0.00	0.00	0.00	0.00	0.00	0.00	0.00	0.00	0.00	0.00	0.00	0.00	0.00	0.00	0.00	0.00	0.00	0.00	0.00	0.00	0.00	0.00	0.00	0.00	0.00	0.00	0.00	0.00	0.00	0.00	0.00	0.00	0.00	0.00	0.00	0.00	0.00	0.00	0.00	0.00	0.00
26.04.2023 17:07:00	600.00	17.00	17.03	17.75	17.75	17.75	213.56	23.36	0.10	514.32	0.24	0.06	0.02	0.20	0.20	0.24	0.28	0.29	514316567.04	0.00	27.68	1002.73	22.75	35.59	0.58	1.35	25.00	->	20.43	72.00	82.19	72.23	75.53	81.12	64.10	25.56	9.45	4.63	2.64	1.59	1.06	0.71	0.46	0.25	0.12	0.05	0.04	0.01	0.02	0.01	0.00	0.00	0.00	0.00	0.00	0.00	0.00	0.00	0.00	0.00	0.00	0.00	0.00	0.00	0.00	0.00	0.00	0.00	0.00	0.00	0.00	0.00	0.00	0.00	0.00	0.00	0.00	0.00	0.00	0.00	0.00	0.00	0.00	0.00	0.00	0.00	0.00	0.00	0.00	0.00	0.00	0.00
26.04.2023 17:08:00	600.00	16.94	16.97	17.69	17.69	17.69	209.37	23.75	0.11	512.12	0.24	0.06	0.02	0.20	0.20	0.24	0.28	0.29	512119503.47	0.00	27.73	1002.72	22.71	35.71	0.59	1.35	25.00	->	20.32	71.17	81.97	71.93	75.79	80.52	64.05	25.28	9.35	4.64	2.67	1.62	1.05	0.69	0.44	0.25	0.13	0.05	0.03	0.01	0.02	0.01	0.00	0.00	0.00	0.00	0.00	0.00	0.00	0.00	0.00	0.00	0.00	0.00	0.00	0.00	0.00	0.00	0.00	0.00	0.00	0.00	0.00	0.00	0.00	0.00	0.00	0.00	0.00	0.00	0.00	0.00	0.00	0.00	0.00	0.00	0.00	0.00	0.00	0.00	0.00	0.00	0.00	0.00
26.04.2023 17:09:00	600.00	16.84	16.87	17.59	17.59	17.59	205.35	24.06	0.11	510.36	0.24	0.06	0.02	0.20	0.20	0.24	0.28	0.29	510363700.05	0.00	27.77	1002.71	22.68	35.71	0.60	1.34	25.00	->	20.59	71.51	81.44	71.89	75.35	80.00	63.31	25.13	9.46	4.61	2.70	1.61	1.06	0.67	0.41	0.24	0.14	0.04	0.03	0.02	0.02	0.01	0.00	0.00	0.00	0.00	0.00	0.00	0.00	0.00	0.00	0.00	0.00	0.00	0.00	0.00	0.00	0.00	0.00	0.00	0.00	0.00	0.00	0.00	0.00	0.00	0.00	0.00	0.00	0.00	0.00	0.00	0.00	0.00	0.00	0.00	0.00	0.00	0.00	0.00	0.00	0.00	0.00	0.00
26.04.2023 17:10:00	600.00	16.41	16.44	17.14	17.14	17.14	201.52	24.31	0.11	498.18	0.24	0.06	0.02	0.20	0.20	0.24	0.28	0.29	498177585.60	0.00	27.81	1002.70	22.64	35.71	0.61	1.34	25.00	->	20.48	70.09	79.53	70.11	73.46	77.71	62.01	24.19	9.22	4.41	2.67	1.56	1.04	0.64	0.41	0.23	0.13	0.05	0.03	0.02	0.03	0.01	0.01	0.00	0.00	0.00	0.00	0.00	0.00	0.00	0.00	0.00	0.00	0.00	0.00	0.00	0.00	0.00	0.00	0.00	0.00	0.00	0.00	0.00	0.00	0.00	0.00	0.00	0.00	0.00	0.00	0.00	0.00	0.00	0.00	0.00	0.00	0.00	0.00	0.00	0.00	0.00	0.00	0.00
26.04.2023 17:11:00	600.00	15.74	15.76	16.44	16.44	16.44	197.65	24.69	0.11	479.12	0.24	0.06	0.02	0.20	0.20	0.24	0.28	0.29	479117632.16	0.00	27.85	1002.70	22.60	35.54	0.60	1.33	25.00	->	19.97	67.96	76.74	67.39	70.47	74.31	59.35	23.22	8.79	4.16	2.59	1.50	0.99	0.62	0.41	0.23	0.13	0.05	0.03	0.02	0.03	0.01	0.01	0.00	0.00	0.00	0.00	0.00	0.00	0.00	0.00	0.00	0.00	0.00	0.00	0.00	0.00	0.00	0.00	0.00	0.00	0.00	0.00	0.00	0.00	0.00	0.00	0.00	0.00	0.00	0.00	0.00	0.00	0.00	0.00	0.00	0.00	0.00	0.00	0.00	0.00	0.00	0.00	0.00
26.04.2023 17:12:00	600.00	14.80	14.82	15.45	15.45	15.45	193.92	24.75	0.11	452.11	0.24	0.06	0.02	0.20	0.20	0.24	0.28	0.29	452109191.60	0.00	27.88	1002.70	22.56	35.33	0.59	1.33	25.00	->	18.99	64.78	72.42	63.63	66.44	69.86	55.62	21.93	8.21	3.98	2.36	1.40	0.93	0.58	0.39	0.21	0.12	0.04	0.03	0.01	0.02	0.01	0.01	0.00	0.00	0.00	0.00	0.00	0.00	0.00	0.00	0.00	0.00	0.00	0.00	0.00	0.00	0.00	0.00	0.00	0.00	0.00	0.00	0.00	0.00	0.00	0.00	0.00	0.00	0.00	0.00	0.00	0.00	0.00	0.00	0.00	0.00	0.00	0.00	0.00	0.00	0.00	0.00	0.00
26.04.2023 17:13:00	600.00	13.73	13.75	14.34	14.34	14.34	190.30	24.74	0.11	420.72	0.24	0.06	0.02	0.20	0.20	0.24	0.28	0.29	420717445.33	0.00	27.93	1002.70	22.51	35.03	0.57	1.33	25.00	->	17.98	60.64	67.21	59.44	61.49	65.06	51.58	20.26	7.56	3.71	2.15	1.31	0.89	0.53	0.38	0.19	0.10	0.03	0.02	0.01	0.02	0.00	0.01	0.00	0.00	0.00	0.00	0.00	0.00	0.00	0.00	0.00	0.00	0.00	0.00	0.00	0.00	0.00	0.00	0.00	0.00	0.00	0.00	0.00	0.00	0.00	0.00	0.00	0.00	0.00	0.00	0.00	0.00	0.00	0.00	0.00	0.00	0.00	0.00	0.00	0.00	0.00	0.00	0.00
26.04.2023 17:14:00	600.00	12.59	12.61	13.15	13.15	13.15	186.81	24.78	0.11	386.28	0.24	0.06	0.02	0.20	0.20	0.24	0.28	0.29	386281743.33	0.00	27.97	1002.70	22.45	34.67	0.54	1.32	25.00	->	16.58	55.94	62.18	54.38	56.33	59.27	47.55	18.47	6.82	3.39	2.02	1.23	0.76	0.50	0.36	0.17	0.10	0.03	0.02	0.01	0.02	0.00	0.01	0.00	0.00	0.00	0.00	0.00	0.00	0.00	0.00	0.00	0.00	0.00	0.00	0.00	0.00	0.00	0.00	0.00	0.00	0.00	0.00	0.00	0.00	0.00	0.00	0.00	0.00	0.00	0.00	0.00	0.00	0.00	0.00	0.00	0.00	0.00	0.00	0.00	0.00	0.00	0.00	0.00
26.04.2023 17:15:00	600.00	11.38	11.40	11.89	11.89	11.89	183.45	24.75	0.11	349.47	0.24	0.06	0.02	0.20	0.20	0.24	0.28	0.29	349466614.15	0.00	28.01	1002.70	22.41	34.23	0.52	1.32	25.00	->	15.13	50.47	56.23	49.40	51.07	53.66	42.82	16.62	6.10	3.07	1.88	1.05	0.69	0.47	0.33	0.14	0.10	0.03	0.02	0.01	0.02	0.00	0.01	0.00	0.00	0.00	0.00	0.00	0.00	0.00	0.00	0.00	0.00	0.00	0.00	0.00	0.00	0.00	0.00	0.00	0.00	0.00	0.00	0.00	0.00	0.00	0.00	0.00	0.00	0.00	0.00	0.00	0.00	0.00	0.00	0.00	0.00	0.00	0.00	0.00	0.00	0.00	0.00	0.00
26.04.2023 17:16:00	600.00	10.03	10.05	10.48	10.48	10.48	180.38	24.50	0.11	309.11	0.24	0.06	0.02	0.20	0.20	0.24	0.28	0.29	309110321.15	0.00	28.05	1002.70	22.36	33.70	0.50	1.32	25.00	->	13.43	44.98	49.75	43.70	45.12	47.51	37.79	14.58	5.31	2.72	1.64	0.88	0.62	0.40	0.27	0.13	0.08	0.03	0.00	0.01	0.02	0.00	0.01	0.00	0.00	0.00	0.00	0.00	0.00	0.00	0.00	0.00	0.00	0.00	0.00	0.00	0.00	0.00	0.00	0.00	0.00	0.00	0.00	0.00	0.00	0.00	0.00	0.00	0.00	0.00	0.00	0.00	0.00	0.00	0.00	0.00	0.00	0.00	0.00	0.00	0.00	0.00	0.00	0.00
26.04.2023 17:17:00	600.00	8.62	8.63	9.00	9.00	9.00	177.53	24.33	0.11	266.13	0.24	0.06	0.02	0.20	0.20	0.24	0.28	0.29	266133385.93	0.00	28.09	1002.70	22.32	33.09	0.48	1.32	25.00	->	11.55	38.69	43.03	37.85	38.92	40.57	32.56	12.62	4.43	2.34	1.40	0.74	0.53	0.32	0.23	0.12	0.07	0.03	0.00	0.01	0.00	0.00	0.00	0.00	0.00	0.00	0.00	0.00	0.00	0.00	0.00	0.00	0.00	0.00	0.00	0.00	0.00	0.00	0.00	0.00	0.00	0.00	0.00	0.00	0.00	0.00	0.00	0.00	0.00	0.00	0.00	0.00	0.00	0.00	0.00	0.00	0.00	0.00	0.00	0.00	0.00	0.00	0.00	0.00
26.04.2023 17:18:00	600.00	7.26	7.27	7.58	7.58	7.58	174.86	24.30	0.11	224.83	0.24	0.06	0.02	0.20	0.20	0.24	0.28	0.29	224830706.04	0.00	28.13	1002.70	22.27	32.47	0.47	1.32	25.00	->	9.75	33.11	36.32	32.09	32.57	34.60	27.15	10.62	3.71	1.94	1.18	0.60	0.44	0.27	0.20	0.09	0.05	0.03	0.00	0.00	0.00	0.00	0.00	0.00	0.00	0.00	0.00	0.00	0.00	0.00	0.00	0.00	0.00	0.00	0.00	0.00	0.00	0.00	0.00	0.00	0.00	0.00	0.00	0.00	0.00	0.00	0.00	0.00	0.00	0.00	0.00	0.00	0.00	0.00	0.00	0.00	0.00	0.00	0.00	0.00	0.00	0.00	0.00	0.00
26.04.2023 17:19:00	600.00	6.02	6.03	6.28	6.28	6.28	172.13	24.22	0.11	187.15	0.24	0.06	0.02	0.20	0.20	0.24	0.28	0.29	187147044.81	0.00	28.17	1002.70	22.22	31.79	0.46	1.32	25.00	->	8.08	27.76	30.82	26.63	26.93	28.68	22.59	8.71	3.00	1.53	0.93	0.49	0.36	0.23	0.17	0.07	0.04	0.03	0.00	0.00	0.00	0.00	0.00	0.00	0.00	0.00	0.00	0.00	0.00	0.00	0.00	0.00	0.00	0.00	0.00	0.00	0.00	0.00	0.00	0.00	0.00	0.00	0.00	0.00	0.00	0.00	0.00	0.00	0.00	0.00	0.00	0.00	0.00	0.00	0.00	0.00	0.00	0.00	0.00	0.00	0.00	0.00	0.00	0.00
26.04.2023 17:20:00	600.00	5.09	5.09	5.31	5.31	5.31	169.22	24.18	0.11	158.77	0.24	0.06	0.02	0.20	0.20	0.24	0.28	0.29	158774445.71	0.00	28.21	1002.70	22.18	31.04	0.47	1.32	25.00	->	6.72	23.83	26.34	22.60	22.74	24.33	19.02	7.46	2.45	1.30	0.76	0.41	0.28	0.19	0.13	0.05	0.04	0.03	0.01	0.00	0.00	0.00	0.00	0.00	0.00	0.00	0.00	0.00	0.00	0.00	0.00	0.00	0.00	0.00	0.00	0.00	0.00	0.00	0.00	0.00	0.00	0.00	0.00	0.00	0.00	0.00	0.00	0.00	0.00	0.00	0.00	0.00	0.00	0.00	0.00	0.00	0.00	0.00	0.00	0.00	0.00	0.00	0.00	0.00
26.04.2023 17:21:00	600.00	4.35	4.35	4.54	4.54	4.54	166.58	24.32	0.11	136.52	0.24	0.06	0.02	0.20	0.20	0.24	0.28	0.29	136519315.32	0.00	28.25	1002.70	22.14	30.33	0.48	1.32	25.00	->	5.78	20.59	22.70	19.56	19.71	20.91	16.26	6.27	2.00	1.17	0.61	0.33	0.22	0.14	0.11	0.04	0.03	0.02	0.00	0.00	0.00	0.00	0.00	0.00	0.00	0.00	0.00	0.00	0.00	0.00	0.00	0.00	0.00	0.00	0.00	0.00	0.00	0.00	0.00	0.00	0.00	0.00	0.00	0.00	0.00	0.00	0.00	0.00	0.00	0.00	0.00	0.00	0.00	0.00	0.00	0.00	0.00	0.00	0.00	0.00	0.00	0.00	0.00	0.00
26.04.2023 17:22:00	600.00	3.80	3.80	3.97	3.97	3.97	164.06	24.72	0.11	119.35	0.24	0.06	0.02	0.20	0.20	0.24	0.28	0.29	119353190.64	0.00	28.28	1002.70	22.10	29.54	0.50	1.32	25.00	->	5.07	17.84	19.96	17.35	17.20	18.43	13.97	5.47	1.72	1.00	0.55	0.28	0.17	0.11	0.08	0.04	0.02	0.02	0.00	0.00	0.00	0.00	0.00	0.00	0.00	0.00	0.00	0.00	0.00	0.00	0.00	0.00	0.00	0.00	0.00	0.00	0.00	0.00	0.00	0.00	0.00	0.00	0.00	0.00	0.00	0.00	0.00	0.00	0.00	0.00	0.00	0.00	0.00	0.00	0.00	0.00	0.00	0.00	0.00	0.00	0.00	0.00	0.00	0.00
26.04.2023 17:23:00	600.00	3.37	3.38	3.52	3.52	3.52	161.49	25.18	0.11	106.41	0.24	0.06	0.02	0.20	0.20	0.24	0.28	0.29	106406747.45	0.00	28.32	1002.70	22.07	28.81	0.52	1.33	25.00	->	4.53	16.22	17.99	15.44	15.27	16.18	12.28	4.87	1.53	0.91	0.48	0.23	0.16	0.10	0.07	0.04	0.02	0.02	0.00	0.00	0.00	0.00	0.00	0.00	0.00	0.00	0.00	0.00	0.00	0.00	0.00	0.00	0.00	0.00	0.00	0.00	0.00	0.00	0.00	0.00	0.00	0.00	0.00	0.00	0.00	0.00	0.00	0.00	0.00	0.00	0.00	0.00	0.00	0.00	0.00	0.00	0.00	0.00	0.00	0.00	0.00	0.00	0.00	0.00
26.04.2023 17:24:00	600.00	3.06	3.06	3.20	3.20	3.20	158.97	25.97	0.12	97.54	0.24	0.06	0.02	0.20	0.20	0.23	0.28	0.29	97536945.37	0.00	28.36	1002.70	22.05	28.07	0.54	1.33	25.00	->	4.30	15.20	16.54	14.20	13.85	14.66	11.14	4.44	1.42	0.81	0.39	0.19	0.14	0.09	0.06	0.04	0.02	0.02	0.00	0.00	0.00	0.00	0.00	0.00	0.00	0.00	0.00	0.00	0.00	0.00	0.00	0.00	0.00	0.00	0.00	0.00	0.00	0.00	0.00	0.00	0.00	0.00	0.00	0.00	0.00	0.00	0.00	0.00	0.00	0.00	0.00	0.00	0.00	0.00	0.00	0.00	0.00	0.00	0.00	0.00	0.00	0.00	0.00	0.00
26.04.2023 17:25:00	600.00	2.78	2.78	2.90	2.90	2.90	156.46	26.76	0.12	89.79	0.24	0.06	0.02	0.20	0.20	0.23	0.28	0.29	89785336.49	0.00	28.39	1002.70	22.02	27.36	0.57	1.33	25.00	->	4.09	14.42	15.37	13.00	12.59	13.32	10.12	4.05	1.27	0.73	0.33	0.18	0.10	0.07	0.05	0.03	0.01	0.01	0.00	0.00	0.00	0.00	0.00	0.00	0.00	0.00	0.00	0.00	0.00	0.00	0.00	0.00	0.00	0.00	0.00	0.00	0.00	0.00	0.00	0.00	0.00	0.00	0.00	0.00	0.00	0.00	0.00	0.00	0.00	0.00	0.00	0.00	0.00	0.00	0.00	0.00	0.00	0.00	0.00	0.00	0.00	0.00	0.00	0.00
26.04.2023 17:26:00	600.00	2.55	2.56	2.67	2.67	2.67	153.97	27.65	0.12	83.44	0.24	0.06	0.02	0.20	0.20	0.23	0.28	0.29	83443806.66	0.00	28.41	1002.70	22.00	26.68	0.59	1.33	25.00	->	3.98	13.68	14.50	12.01	11.61	12.10	9.28	3.74	1.15	0.64	0.29	0.16	0.09	0.07	0.05	0.03	0.01	0.01	0.00	0.00	0.00	0.00	0.00	0.00	0.00	0.00	0.00	0.00	0.00	0.00	0.00	0.00	0.00	0.00	0.00	0.00	0.00	0.00	0.00	0.00	0.00	0.00	0.00	0.00	0.00	0.00	0.00	0.00	0.00	0.00	0.00	0.00	0.00	0.00	0.00	0.00	0.00	0.00	0.00	0.00	0.00	0.00	0.00	0.00
26.04.2023 17:27:00	600.00	2.36	2.37	2.47	2.47	2.47	151.40	28.55	0.13	78.02	0.24	0.06	0.01	0.20	0.20	0.23	0.28	0.29	78023327.95	0.00	28.43	1002.70	21.99	26.01	0.61	1.33	25.00	->	3.96	13.08	13.57	11.18	10.72	11.25	8.53	3.42	1.05	0.57	0.26	0.15	0.10	0.06	0.04	0.02	0.00	0.01	0.00	0.00	0.00	0.00	0.00	0.00	0.00	0.00	0.00	0.00	0.00	0.00	0.00	0.00	0.00	0.00	0.00	0.00	0.00	0.00	0.00	0.00	0.00	0.00	0.00	0.00	0.00	0.00	0.00	0.00	0.00	0.00	0.00	0.00	0.00	0.00	0.00	0.00	0.00	0.00	0.00	0.00	0.00	0.00	0.00	0.00
26.04.2023 17:28:00	600.00	2.18	2.19	2.28	2.28	2.28	148.88	29.57	0.13	72.63	0.24	0.06	0.01	0.20	0.20	0.23	0.28	0.29	72628448.83	0.00	28.46	1002.70	21.97	25.41	0.62	1.33	25.00	->	3.75	12.30	12.72	10.34	10.05	10.36	7.85	3.15	0.99	0.49	0.21	0.14	0.10	0.05	0.04	0.02	0.00	0.00	0.00	0.00	0.00	0.00	0.00	0.00	0.00	0.00	0.00	0.00	0.00	0.00	0.00	0.00	0.00	0.00	0.00	0.00	0.00	0.00	0.00	0.00	0.00	0.00	0.00	0.00	0.00	0.00	0.00	0.00	0.00	0.00	0.00	0.00	0.00	0.00	0.00	0.00	0.00	0.00	0.00	0.00	0.00	0.00	0.00	0.00
26.04.2023 17:29:00	600.00	1.99	1.99	2.08	2.08	2.08	146.44	30.61	0.14	66.60	0.24	0.06	0.01	0.19	0.20	0.23	0.28	0.29	66596223.37	0.00	28.48	1002.70	21.96	24.80	0.63	1.33	25.00	->	3.50	11.44	11.51	9.59	9.31	9.35	7.22	2.84	0.88	0.43	0.20	0.11	0.09	0.05	0.03	0.01	0.00	0.00	0.00	0.00	0.00	0.00	0.00	0.00	0.00	0.00	0.00	0.00	0.00	0.00	0.00	0.00	0.00	0.00	0.00	0.00	0.00	0.00	0.00	0.00	0.00	0.00	0.00	0.00	0.00	0.00	0.00	0.00	0.00	0.00	0.00	0.00	0.00	0.00	0.00	0.00	0.00	0.00	0.00	0.00	0.00	0.00	0.00	0.00
26.04.2023 17:30:00	600.00	1.81	1.81	1.89	1.89	1.89	144.04	31.86	0.14	61.23	0.24	0.06	0.01	0.19	0.20	0.23	0.28	0.29	61227999.25	0.00	28.50	1002.70	21.95	24.24	0.63	1.34	25.00	->	3.34	10.59	10.61	8.85	8.55	8.51	6.55	2.57	0.84	0.38	0.17	0.09	0.09	0.03	0.02	0.01	0.00	0.00	0.00	0.00	0.00	0.00	0.00	0.00	0.00	0.00	0.00	0.00	0.00	0.00	0.00	0.00	0.00	0.00	0.00	0.00	0.00	0.00	0.00	0.00	0.00	0.00	0.00	0.00	0.00	0.00	0.00	0.00	0.00	0.00	0.00	0.00	0.00	0.00	0.00	0.00	0.00	0.00	0.00	0.00	0.00	0.00	0.00	0.00
26.04.2023 17:31:00	600.00	1.67	1.67	1.74	1.74	1.74	141.64	32.93	0.15	56.63	0.24	0.06	0.01	0.19	0.20	0.23	0.28	0.29	56629868.90	0.00	28.52	1002.70	21.93	23.64	0.63	1.34	25.00	->	3.17	9.82	9.83	8.20	7.82	7.84	6.01	2.43	0.78	0.33	0.14	0.07	0.08	0.03	0.02	0.01	0.00	0.00	0.00	0.00	0.00	0.00	0.00	0.00	0.00	0.00	0.00	0.00	0.00	0.00	0.00	0.00	0.00	0.00	0.00	0.00	0.00	0.00	0.00	0.00	0.00	0.00	0.00	0.00	0.00	0.00	0.00	0.00	0.00	0.00	0.00	0.00	0.00	0.00	0.00	0.00	0.00	0.00	0.00	0.00	0.00	0.00	0.00	0.00
26.04.2023 17:32:00	600.00	1.55	1.55	1.62	1.62	1.62	139.46	33.94	0.15	53.07	0.24	0.06	0.01	0.19	0.20	0.23	0.28	0.29	53067855.27	0.00	28.55	1002.70	21.92	23.12	0.64	1.34	25.00	->	3.04	9.30	9.19	7.59	7.40	7.28	5.70	2.20	0.72	0.30	0.12	0.07	0.08	0.04	0.01	0.00	0.00	0.00	0.00	0.00	0.00	0.00	0.00	0.00	0.00	0.00	0.00	0.00	0.00	0.00	0.00	0.00	0.00	0.00	0.00	0.00	0.00	0.00	0.00	0.00	0.00	0.00	0.00	0.00	0.00	0.00	0.00	0.00	0.00	0.00	0.00	0.00	0.00	0.00	0.00	0.00	0.00	0.00	0.00	0.00	0.00	0.00	0.00	0.00
26.04.2023 17:33:00	600.00	1.44	1.46	1.58	1.59	1.60	137.20	34.90	0.16	49.63	0.24	0.06	0.02	0.19	0.20	0.23	0.28	0.29	49628560.31	0.00	28.57	1002.70	21.91	22.55	0.65	1.34	25.00	->	2.82	8.68	8.71	7.13	6.94	6.85	5.22	2.05	0.67	0.25	0.12	0.07	0.06	0.04	0.00	0.01	0.00	0.00	0.00	0.00	0.00	0.00	0.00	0.00	0.00	0.00	0.00	0.00	0.00	0.00	0.00	0.00	0.00	0.00	0.00	0.00	0.00	0.00	0.00	0.00	0.00	0.00	0.00	0.00	0.00	0.00	0.00	0.00	0.00	0.00	0.00	0.00	0.00	0.00	0.00	0.00	0.00	0.00	0.00	0.00	0.00	0.00	0.00	0.00
26.04.2023 17:34:00	600.00	1.32	1.34	1.46	1.46	1.47	134.90	35.70	0.16	45.70	0.24	0.06	0.02	0.19	0.20	0.23	0.28	0.29	45698390.03	0.00	28.59	1002.70	21.89	22.04	0.66	1.34	25.00	->	2.61	8.02	8.08	6.58	6.37	6.33	4.82	1.84	0.58	0.18	0.11	0.06	0.06	0.03	0.00	0.01	0.00	0.00	0.00	0.00	0.00	0.00	0.00	0.00	0.00	0.00	0.00	0.00	0.00	0.00	0.00	0.00	0.00	0.00	0.00	0.00	0.00	0.00	0.00	0.00	0.00	0.00	0.00	0.00	0.00	0.00	0.00	0.00	0.00	0.00	0.00	0.00	0.00	0.00	0.00	0.00	0.00	0.00	0.00	0.00	0.00	0.00	0.00	0.00
26.04.2023 17:35:00	600.00	1.23	1.25	1.36	1.36	1.37	132.58	36.62	0.16	42.46	0.24	0.06	0.02	0.19	0.20	0.23	0.28	0.29	42455181.43	0.00	28.61	1002.70	21.88	21.50	0.66	1.34	25.00	->	2.43	7.45	7.59	6.15	5.95	5.75	4.44	1.70	0.55	0.16	0.11	0.05	0.06	0.03	0.00	0.01	0.00	0.00	0.00	0.00	0.00	0.00	0.00	0.00	0.00	0.00	0.00	0.00	0.00	0.00	0.00	0.00	0.00	0.00	0.00	0.00	0.00	0.00	0.00	0.00	0.00	0.00	0.00	0.00	0.00	0.00	0.00	0.00	0.00	0.00	0.00	0.00	0.00	0.00	0.00	0.00	0.00	0.00	0.00	0.00	0.00	0.00	0.00	0.00
26.04.2023 17:36:00	600.00	1.14	1.16	1.27	1.27	1.28	130.46	37.60	0.17	39.48	0.24	0.06	0.02	0.19	0.20	0.23	0.28	0.29	39480634.80	0.00	28.63	1002.70	21.86	21.00	0.67	1.34	25.00	->	2.28	6.93	7.20	5.68	5.39	5.38	4.15	1.52	0.51	0.17	0.11	0.06	0.06	0.03	0.00	0.01	0.00	0.00	0.00	0.00	0.00	0.00	0.00	0.00	0.00	0.00	0.00	0.00	0.00	0.00	0.00	0.00	0.00	0.00	0.00	0.00	0.00	0.00	0.00	0.00	0.00	0.00	0.00	0.00	0.00	0.00	0.00	0.00	0.00	0.00	0.00	0.00	0.00	0.00	0.00	0.00	0.00	0.00	0.00	0.00	0.00	0.00	0.00	0.00
26.04.2023 17:37:00	600.00	1.05	1.07	1.17	1.18	1.19	128.70	38.47	0.17	36.56	0.24	0.06	0.02	0.19	0.20	0.23	0.27	0.29	36557287.00	0.00	28.66	1002.70	21.85	20.48	0.67	1.34	25.00	->	2.11	6.52	6.71	5.25	4.96	4.95	3.76	1.41	0.47	0.16	0.10	0.05	0.05	0.02	0.00	0.01	0.00	0.00	0.00	0.00	0.00	0.00	0.00	0.00	0.00	0.00	0.00	0.00	0.00	0.00	0.00	0.00	0.00	0.00	0.00	0.00	0.00	0.00	0.00	0.00	0.00	0.00	0.00	0.00	0.00	0.00	0.00	0.00	0.00	0.00	0.00	0.00	0.00	0.00	0.00	0.00	0.00	0.00	0.00	0.00	0.00	0.00	0.00	0.00
26.04.2023 17:38:00	600.00	0.98	1.00	1.10	1.10	1.11	126.78	39.43	0.18	34.31	0.24	0.06	0.02	0.19	0.20	0.23	0.27	0.29	34306649.59	0.00	28.69	1002.70	21.82	19.98	0.68	1.34	25.00	->	2.01	6.18	6.27	4.99	4.60	4.67	3.49	1.30	0.42	0.14	0.09	0.04	0.04	0.02	0.01	0.01	0.00	0.00	0.00	0.00	0.00	0.00	0.00	0.00	0.00	0.00	0.00	0.00	0.00	0.00	0.00	0.00	0.00	0.00	0.00	0.00	0.00	0.00	0.00	0.00	0.00	0.00	0.00	0.00	0.00	0.00	0.00	0.00	0.00	0.00	0.00	0.00	0.00	0.00	0.00	0.00	0.00	0.00	0.00	0.00	0.00	0.00	0.00	0.00
26.04.2023 17:39:00	600.00	0.90	0.92	1.02	1.02	1.03	125.00	40.43	0.18	31.58	0.24	0.06	0.02	0.19	0.20	0.23	0.27	0.29	31577540.59	0.00	28.71	1002.70	21.80	19.48	0.69	1.34	25.00	->	1.88	5.66	5.80	4.54	4.27	4.36	3.17	1.23	0.34	0.12	0.08	0.04	0.03	0.02	0.01	0.01	0.00	0.00	0.00	0.00	0.00	0.00	0.00	0.00	0.00	0.00	0.00	0.00	0.00	0.00	0.00	0.00	0.00	0.00	0.00	0.00	0.00	0.00	0.00	0.00	0.00	0.00	0.00	0.00	0.00	0.00	0.00	0.00	0.00	0.00	0.00	0.00	0.00	0.00	0.00	0.00	0.00	0.00	0.00	0.00	0.00	0.00	0.00	0.00
26.04.2023 17:40:00	600.00	0.83	0.86	0.95	0.95	0.96	123.43	41.28	0.18	29.21	0.24	0.06	0.02	0.19	0.20	0.23	0.27	0.29	29211046.08	0.00	28.74	1002.70	21.78	18.99	0.68	1.34	25.00	->	1.74	5.21	5.41	4.15	3.97	4.05	2.95	1.15	0.30	0.10	0.06	0.04	0.03	0.03	0.01	0.01	0.00	0.00	0.00	0.00	0.00	0.00	0.00	0.00	0.00	0.00	0.00	0.00	0.00	0.00	0.00	0.00	0.00	0.00	0.00	0.00	0.00	0.00	0.00	0.00	0.00	0.00	0.00	0.00	0.00	0.00	0.00	0.00	0.00	0.00	0.00	0.00	0.00	0.00	0.00	0.00	0.00	0.00	0.00	0.00	0.00	0.00	0.00	0.00
26.04.2023 17:41:00	600.00	0.78	0.80	0.89	0.89	0.91	122.05	42.17	0.19	27.37	0.24	0.06	0.02	0.19	0.20	0.23	0.27	0.29	27371318.91	0.00	28.77	1002.70	21.76	18.49	0.68	1.34	25.00	->	1.64	4.96	5.09	3.88	3.71	3.75	2.73	1.03	0.29	0.10	0.06	0.04	0.03	0.04	0.01	0.01	0.00	0.00	0.00	0.00	0.00	0.00	0.00	0.00	0.00	0.00	0.00	0.00	0.00	0.00	0.00	0.00	0.00	0.00	0.00	0.00	0.00	0.00	0.00	0.00	0.00	0.00	0.00	0.00	0.00	0.00	0.00	0.00	0.00	0.00	0.00	0.00	0.00	0.00	0.00	0.00	0.00	0.00	0.00	0.00	0.00	0.00	0.00	0.00
26.04.2023 17:42:00	600.00	0.72	0.74	0.83	0.83	0.84	120.60	42.80	0.19	25.15	0.24	0.06	0.02	0.19	0.20	0.23	0.27	0.29	25148128.34	0.00	28.79	1002.70	21.74	17.98	0.69	1.33	25.00	->	1.47	4.54	4.65	3.58	3.42	3.43	2.55	0.95	0.27	0.09	0.04	0.04	0.03	0.03	0.01	0.01	0.00	0.00	0.00	0.00	0.00	0.00	0.00	0.00	0.00	0.00	0.00	0.00	0.00	0.00	0.00	0.00	0.00	0.00	0.00	0.00	0.00	0.00	0.00	0.00	0.00	0.00	0.00	0.00	0.00	0.00	0.00	0.00	0.00	0.00	0.00	0.00	0.00	0.00	0.00	0.00	0.00	0.00	0.00	0.00	0.00	0.00	0.00	0.00
26.04.2023 17:43:00	600.00	0.67	0.67	0.70	0.70	0.70	119.29	43.56	0.19	23.42	0.24	0.06	0.01	0.19	0.20	0.23	0.28	0.29	23416341.00	0.00	28.81	1002.70	21.71	17.48	0.68	1.33	25.00	->	1.42	4.19	4.22	3.31	3.29	3.14	2.44	0.92	0.26	0.09	0.03	0.03	0.03	0.04	0.01	0.00	0.00	0.00	0.00	0.00	0.00	0.00	0.00	0.00	0.00	0.00	0.00	0.00	0.00	0.00	0.00	0.00	0.00	0.00	0.00	0.00	0.00	0.00	0.00	0.00	0.00	0.00	0.00	0.00	0.00	0.00	0.00	0.00	0.00	0.00	0.00	0.00	0.00	0.00	0.00	0.00	0.00	0.00	0.00	0.00	0.00	0.00	0.00	0.00
26.04.2023 17:44:00	600.00	0.62	0.62	0.65	0.65	0.65	117.97	44.22	0.20	21.83	0.24	0.06	0.01	0.19	0.20	0.23	0.28	0.29	21828649.31	0.00	28.83	1002.70	21.68	16.98	0.69	1.33	25.00	->	1.31	3.96	3.94	3.09	3.05	2.88	2.24	0.89	0.22	0.08	0.03	0.03	0.03	0.04	0.01	0.00	0.00	0.00	0.00	0.00	0.00	0.00	0.00	0.00	0.00	0.00	0.00	0.00	0.00	0.00	0.00	0.00	0.00	0.00	0.00	0.00	0.00	0.00	0.00	0.00	0.00	0.00	0.00	0.00	0.00	0.00	0.00	0.00	0.00	0.00	0.00	0.00	0.00	0.00	0.00	0.00	0.00	0.00	0.00	0.00	0.00	0.00	0.00	0.00
26.04.2023 17:45:00	600.00	0.58	0.58	0.60	0.60	0.60	116.79	44.66	0.20	20.24	0.24	0.06	0.01	0.19	0.20	0.23	0.28	0.29	20241485.43	0.00	28.86	1002.70	21.64	16.48	0.70	1.33	25.00	->	1.21	3.73	3.68	2.84	2.77	2.66	2.10	0.82	0.21	0.09	0.02	0.03	0.03	0.04	0.00	0.00	0.00	0.00	0.00	0.00	0.00	0.00	0.00	0.00	0.00	0.00	0.00	0.00	0.00	0.00	0.00	0.00	0.00	0.00	0.00	0.00	0.00	0.00	0.00	0.00	0.00	0.00	0.00	0.00	0.00	0.00	0.00	0.00	0.00	0.00	0.00	0.00	0.00	0.00	0.00	0.00	0.00	0.00	0.00	0.00	0.00	0.00	0.00	0.00
26.04.2023 17:46:00	600.00	0.54	0.54	0.56	0.56	0.56	115.56	45.36	0.20	18.70	0.24	0.06	0.01	0.19	0.20	0.23	0.28	0.29	18704992.60	0.00	28.88	1002.70	21.61	15.96	0.70	1.33	25.00	->	1.11	3.46	3.29	2.63	2.61	2.47	1.94	0.79	0.19	0.09	0.02	0.03	0.03	0.03	0.00	0.00	0.00	0.00	0.00	0.00	0.00	0.00	0.00	0.00	0.00	0.00	0.00	0.00	0.00	0.00	0.00	0.00	0.00	0.00	0.00	0.00	0.00	0.00	0.00	0.00	0.00	0.00	0.00	0.00	0.00	0.00	0.00	0.00	0.00	0.00	0.00	0.00	0.00	0.00	0.00	0.00	0.00	0.00	0.00	0.00	0.00	0.00	0.00	0.00
26.04.2023 17:47:00	600.00	0.50	0.50	0.52	0.52	0.52	114.25	45.94	0.21	17.25	0.24	0.06	0.01	0.19	0.20	0.23	0.28	0.29	17254270.98	0.00	28.90	1002.70	21.58	15.46	0.70	1.33	25.00	->	0.99	3.14	3.02	2.40	2.50	2.27	1.84	0.72	0.18	0.07	0.03	0.03	0.02	0.03	0.00	0.00	0.00	0.00	0.00	0.00	0.00	0.00	0.00	0.00	0.00	0.00	0.00	0.00	0.00	0.00	0.00	0.00	0.00	0.00	0.00	0.00	0.00	0.00	0.00	0.00	0.00	0.00	0.00	0.00	0.00	0.00	0.00	0.00	0.00	0.00	0.00	0.00	0.00	0.00	0.00	0.00	0.00	0.00	0.00	0.00	0.00	0.00	0.00	0.00
26.04.2023 17:48:00	600.00	0.46	0.46	0.48	0.48	0.48	113.15	46.66	0.21	15.78	0.24	0.06	0.01	0.19	0.20	0.23	0.28	0.29	15776894.33	0.00	28.92	1002.70	21.55	14.96	0.70	1.33	25.00	->	0.88	2.85	2.81	2.22	2.26	2.02	1.69	0.68	0.16	0.08	0.03	0.03	0.02	0.03	0.00	0.00	0.00	0.00	0.00	0.00	0.00	0.00	0.00	0.00	0.00	0.00	0.00	0.00	0.00	0.00	0.00	0.00	0.00	0.00	0.00	0.00	0.00	0.00	0.00	0.00	0.00	0.00	0.00	0.00	0.00	0.00	0.00	0.00	0.00	0.00	0.00	0.00	0.00	0.00	0.00	0.00	0.00	0.00	0.00	0.00	0.00	0.00	0.00	0.00
26.04.2023 17:49:00	600.00	0.43	0.43	0.44	0.44	0.44	112.06	47.26	0.21	14.75	0.24	0.06	0.01	0.19	0.20	0.23	0.28	0.29	14750278.52	0.00	28.94	1002.70	21.52	14.45	0.70	1.32	25.00	->	0.81	2.70	2.65	2.16	2.04	1.87	1.56	0.61	0.16	0.08	0.03	0.03	0.02	0.02	0.00	0.00	0.00	0.00	0.00	0.00	0.00	0.00	0.00	0.00	0.00	0.00	0.00	0.00	0.00	0.00	0.00	0.00	0.00	0.00	0.00	0.00	0.00	0.00	0.00	0.00	0.00	0.00	0.00	0.00	0.00	0.00	0.00	0.00	0.00	0.00	0.00	0.00	0.00	0.00	0.00	0.00	0.00	0.00	0.00	0.00	0.00	0.00	0.00	0.00
26.04.2023 17:50:00	600.00	0.39	0.39	0.41	0.41	0.41	110.99	47.66	0.21	13.78	0.24	0.06	0.01	0.19	0.20	0.23	0.28	0.29	13775125.48	0.00	28.96	1002.70	21.49	13.95	0.70	1.32	25.00	->	0.73	2.57	2.46	2.02	1.90	1.75	1.47	0.55	0.16	0.07	0.03	0.03	0.02	0.02	0.00	0.00	0.00	0.00	0.00	0.00	0.00	0.00	0.00	0.00	0.00	0.00	0.00	0.00	0.00	0.00	0.00	0.00	0.00	0.00	0.00	0.00	0.00	0.00	0.00	0.00	0.00	0.00	0.00	0.00	0.00	0.00	0.00	0.00	0.00	0.00	0.00	0.00	0.00	0.00	0.00	0.00	0.00	0.00	0.00	0.00	0.00	0.00	0.00	0.00
