timestamp	averaging[s]	PM1 [痢/m設	PM2.5 [痢/m設	PM4 [痢/m設	PM10 [痢/m設	PMtot [痢/m設	CO2 [ppm]	VOC [ppb]	VOC [mg/m設	Cn [1/cm設	M1,0 [痠]	M2,0 [痠淫	M3,0 [痠設	x10(dCn) [痠]	x16(dCn) [痠]	x50(dCn) [痠]	x84(dCn) [痠]	x90(dCn) [痠]	Cn [1/m設	PIA [1/m設	T [蚓]	p [hPa]	rH [%]	AQI - Palas	Infection Risk Index	volume flow [l/min]	power (volume flow blower) [%]	dN(痠) [P]
26.04.2023 11:03:00	1.00	0.00	0.00	0.00	0.00	0.00	NaN	NaN	NaN	0.00	NaN	NaN	NaN	NaN	NaN	NaN	NaN	NaN	0.00	0.00	NaN	NaN	NaN	0.00	0.00	0.00	0.00	->
26.04.2023 11:04:00	61.00	0.00	0.00	0.00	0.00	0.00	487.18	0.00	0.00	0.00	NaN	NaN	NaN	NaN	NaN	NaN	NaN	NaN	0.00	0.00	16.91	912.79	29.77	0.13	0.00	0.00	11.25	->	0.00	0.00	0.00	0.00	0.00	0.00	0.00	0.00	0.00	0.00	0.00	0.00	0.00	0.00	0.00	0.00	0.00	0.00	0.00	0.00	0.00	0.00	0.00	0.00	0.00	0.00	0.00	0.00	0.00	0.00	0.00	0.00	0.00	0.00	0.00	0.00	0.00	0.00	0.00	0.00	0.00	0.00	0.00	0.00	0.00	0.00	0.00	0.00	0.00	0.00	0.00	0.00	0.00	0.00	0.00	0.00	0.00	0.00	0.00	0.00	0.00	0.00	0.00	0.00
26.04.2023 11:05:00	121.00	0.18	0.19	0.20	0.20	0.20	505.81	0.00	0.00	5.37	0.24	0.06	0.02	0.20	0.21	0.23	0.27	0.28	5366200.91	0.00	17.92	957.77	28.98	1.92	0.02	0.47	15.83	->	0.11	0.70	0.98	1.07	0.87	0.87	0.45	0.23	0.01	0.00	0.00	0.01	0.01	0.00	0.01	0.00	0.00	0.00	0.00	0.02	0.00	0.00	0.01	0.01	0.00	0.00	0.00	0.00	0.00	0.00	0.00	0.00	0.00	0.00	0.00	0.00	0.00	0.00	0.00	0.00	0.00	0.00	0.00	0.00	0.00	0.00	0.00	0.00	0.00	0.00	0.00	0.00	0.00	0.00	0.00	0.00	0.00	0.00	0.00	0.00	0.00	0.00	0.00	0.00
26.04.2023 11:06:00	181.00	0.27	0.30	0.32	0.32	0.32	510.41	0.00	0.00	7.90	0.25	0.07	0.02	0.20	0.20	0.23	0.28	0.29	7904809.79	0.00	18.34	972.74	28.58	3.50	0.04	0.70	18.12	->	0.19	1.19	1.43	1.45	1.22	1.10	0.77	0.31	0.05	0.02	0.01	0.01	0.02	0.02	0.02	0.04	0.01	0.00	0.01	0.01	0.00	0.00	0.00	0.01	0.00	0.00	0.00	0.00	0.01	0.00	0.00	0.00	0.00	0.00	0.00	0.00	0.00	0.00	0.00	0.00	0.00	0.00	0.00	0.00	0.00	0.00	0.00	0.00	0.00	0.00	0.00	0.00	0.00	0.00	0.00	0.00	0.00	0.00	0.00	0.00	0.00	0.00	0.00	0.00
26.04.2023 11:07:00	241.00	0.32	0.35	0.37	0.37	0.37	511.58	0.00	0.00	9.55	0.24	0.06	0.02	0.20	0.20	0.23	0.27	0.29	9554124.75	0.00	18.61	980.23	28.28	4.60	0.04	0.85	19.50	->	0.27	1.42	1.81	1.77	1.40	1.37	0.88	0.33	0.07	0.06	0.01	0.01	0.01	0.03	0.01	0.03	0.00	0.00	0.01	0.01	0.00	0.00	0.00	0.01	0.01	0.00	0.00	0.00	0.01	0.00	0.00	0.00	0.00	0.00	0.00	0.00	0.00	0.00	0.00	0.00	0.00	0.00	0.00	0.00	0.00	0.00	0.00	0.00	0.00	0.00	0.00	0.00	0.00	0.00	0.00	0.00	0.00	0.00	0.00	0.00	0.00	0.00	0.00	0.00
26.04.2023 11:08:00	301.00	0.34	0.38	0.45	0.45	0.46	511.14	0.00	0.00	10.57	0.24	0.07	0.03	0.20	0.20	0.23	0.27	0.29	10571855.54	0.00	18.80	984.73	28.03	5.34	0.04	0.94	20.42	->	0.31	1.66	2.03	1.88	1.54	1.52	0.95	0.39	0.08	0.06	0.02	0.01	0.01	0.03	0.02	0.02	0.00	0.00	0.01	0.01	0.00	0.00	0.00	0.00	0.01	0.00	0.00	0.00	0.01	0.00	0.00	0.00	0.00	0.00	0.00	0.00	0.00	0.00	0.00	0.00	0.00	0.00	0.00	0.00	0.00	0.00	0.00	0.00	0.00	0.00	0.00	0.00	0.00	0.00	0.00	0.00	0.00	0.00	0.00	0.00	0.00	0.00	0.00	0.00
26.04.2023 11:09:00	361.00	0.37	0.41	0.50	0.50	0.51	509.49	0.00	0.00	11.33	0.24	0.07	0.03	0.20	0.20	0.23	0.27	0.29	11327459.32	0.00	18.96	987.72	27.81	5.86	0.03	1.01	21.07	->	0.35	1.84	2.22	1.99	1.64	1.53	1.08	0.35	0.08	0.05	0.02	0.01	0.01	0.04	0.02	0.02	0.01	0.01	0.01	0.01	0.00	0.00	0.00	0.00	0.01	0.00	0.00	0.00	0.01	0.00	0.00	0.00	0.00	0.00	0.00	0.00	0.00	0.00	0.01	0.00	0.00	0.00	0.00	0.00	0.00	0.00	0.00	0.00	0.00	0.00	0.00	0.00	0.00	0.00	0.00	0.00	0.00	0.00	0.00	0.00	0.00	0.00	0.00	0.00
26.04.2023 11:10:00	421.00	0.38	0.43	0.51	0.51	0.52	507.34	0.00	0.00	11.72	0.24	0.07	0.03	0.20	0.20	0.23	0.27	0.29	11722949.56	0.00	19.10	989.86	27.62	6.25	0.03	1.06	21.56	->	0.38	1.83	2.31	2.06	1.72	1.57	1.15	0.35	0.09	0.05	0.02	0.01	0.01	0.05	0.02	0.02	0.01	0.01	0.01	0.01	0.01	0.00	0.00	0.00	0.01	0.01	0.00	0.00	0.01	0.00	0.00	0.00	0.00	0.00	0.00	0.00	0.00	0.00	0.00	0.00	0.00	0.00	0.00	0.00	0.00	0.00	0.00	0.00	0.00	0.00	0.00	0.00	0.00	0.00	0.00	0.00	0.00	0.00	0.00	0.00	0.00	0.00	0.00	0.00
26.04.2023 11:11:00	481.00	0.41	0.45	0.54	0.54	0.55	505.75	0.00	0.00	12.07	0.24	0.07	0.03	0.20	0.20	0.23	0.27	0.29	12072778.93	0.00	19.22	991.47	27.46	6.56	0.03	1.09	21.94	->	0.36	1.91	2.33	2.08	1.82	1.67	1.18	0.35	0.09	0.05	0.01	0.01	0.01	0.05	0.02	0.03	0.03	0.01	0.01	0.01	0.01	0.00	0.00	0.00	0.00	0.01	0.00	0.00	0.00	0.00	0.00	0.00	0.00	0.00	0.00	0.00	0.00	0.00	0.00	0.00	0.00	0.00	0.00	0.00	0.00	0.00	0.00	0.00	0.00	0.00	0.00	0.00	0.00	0.00	0.00	0.00	0.00	0.00	0.00	0.00	0.00	0.00	0.00	0.00
26.04.2023 11:12:00	541.00	0.42	0.49	0.62	0.62	0.64	504.01	0.00	0.00	12.32	0.25	0.07	0.04	0.20	0.20	0.23	0.27	0.29	12320445.25	0.00	19.34	992.73	27.32	6.80	0.03	1.13	22.25	->	0.36	1.90	2.38	2.13	1.87	1.76	1.18	0.34	0.10	0.05	0.02	0.01	0.01	0.05	0.02	0.03	0.03	0.02	0.01	0.01	0.01	0.00	0.00	0.00	0.00	0.00	0.01	0.00	0.00	0.00	0.00	0.00	0.00	0.00	0.00	0.00	0.00	0.00	0.00	0.00	0.00	0.00	0.00	0.00	0.00	0.00	0.00	0.00	0.00	0.00	0.00	0.00	0.00	0.00	0.00	0.00	0.00	0.00	0.00	0.00	0.00	0.00	0.00	0.00
26.04.2023 11:13:00	600.00	0.46	0.53	0.66	0.67	0.69	502.59	0.28	0.00	13.68	0.25	0.07	0.04	0.20	0.20	0.23	0.27	0.29	13683284.31	0.00	19.45	993.73	27.20	7.63	0.03	1.27	24.75	->	0.41	2.09	2.63	2.37	2.12	1.94	1.31	0.37	0.11	0.06	0.02	0.01	0.01	0.07	0.02	0.03	0.03	0.02	0.01	0.01	0.01	0.00	0.00	0.00	0.00	0.00	0.01	0.00	0.00	0.00	0.00	0.00	0.00	0.00	0.00	0.00	0.00	0.00	0.00	0.00	0.00	0.00	0.00	0.00	0.00	0.00	0.00	0.00	0.00	0.00	0.00	0.00	0.00	0.00	0.00	0.00	0.00	0.00	0.00	0.00	0.00	0.00	0.00	0.00
26.04.2023 11:14:00	600.00	0.52	0.59	0.75	0.76	0.78	503.12	0.44	0.00	15.22	0.25	0.07	0.04	0.20	0.20	0.23	0.27	0.29	15220305.01	0.00	19.81	1002.73	26.83	8.41	0.04	1.41	25.00	->	0.46	2.30	2.93	2.65	2.37	2.11	1.48	0.43	0.12	0.06	0.03	0.01	0.02	0.07	0.02	0.03	0.03	0.02	0.01	0.02	0.01	0.00	0.01	0.00	0.00	0.00	0.01	0.00	0.00	0.00	0.00	0.00	0.00	0.00	0.00	0.00	0.00	0.00	0.00	0.00	0.00	0.00	0.00	0.00	0.00	0.00	0.00	0.00	0.00	0.00	0.00	0.00	0.00	0.00	0.00	0.00	0.00	0.00	0.00	0.00	0.00	0.00	0.00	0.00
26.04.2023 11:15:00	600.00	0.52	0.62	0.83	0.85	0.89	500.54	0.85	0.00	15.34	0.25	0.07	0.05	0.20	0.20	0.23	0.27	0.29	15336689.96	0.00	19.99	1002.73	26.60	8.66	0.03	1.41	25.00	->	0.48	2.32	2.97	2.65	2.38	2.08	1.52	0.41	0.13	0.06	0.03	0.02	0.02	0.08	0.02	0.04	0.03	0.02	0.01	0.01	0.01	0.00	0.00	0.00	0.00	0.00	0.01	0.00	0.00	0.00	0.00	0.00	0.00	0.00	0.00	0.00	0.00	0.00	0.00	0.00	0.00	0.00	0.00	0.00	0.00	0.00	0.00	0.00	0.00	0.00	0.00	0.00	0.00	0.00	0.00	0.00	0.00	0.00	0.00	0.00	0.00	0.00	0.00	0.00
26.04.2023 11:16:00	600.00	0.52	0.63	0.86	0.89	0.93	499.51	1.16	0.01	15.76	0.25	0.07	0.05	0.20	0.20	0.23	0.27	0.29	15757628.82	0.00	20.15	1002.73	26.40	8.63	0.02	1.41	25.00	->	0.54	2.40	3.06	2.73	2.40	2.17	1.52	0.40	0.12	0.06	0.04	0.03	0.02	0.08	0.02	0.03	0.03	0.02	0.00	0.01	0.01	0.00	0.00	0.00	0.00	0.00	0.01	0.00	0.00	0.00	0.00	0.00	0.00	0.00	0.00	0.00	0.00	0.00	0.00	0.00	0.00	0.00	0.00	0.00	0.00	0.00	0.00	0.00	0.00	0.00	0.00	0.00	0.00	0.00	0.00	0.00	0.00	0.00	0.00	0.00	0.00	0.00	0.00	0.00
26.04.2023 11:17:00	600.00	0.54	0.65	0.88	0.90	0.95	499.77	1.72	0.01	16.10	0.25	0.07	0.05	0.20	0.20	0.23	0.27	0.29	16100185.98	0.00	20.31	1002.73	26.25	8.57	0.02	1.41	25.00	->	0.57	2.46	3.15	2.76	2.44	2.19	1.57	0.43	0.11	0.05	0.04	0.04	0.02	0.07	0.02	0.04	0.03	0.02	0.00	0.02	0.01	0.00	0.01	0.01	0.00	0.00	0.01	0.00	0.00	0.00	0.00	0.00	0.00	0.00	0.00	0.00	0.00	0.00	0.00	0.00	0.00	0.00	0.00	0.00	0.00	0.00	0.00	0.00	0.00	0.00	0.00	0.00	0.00	0.00	0.00	0.00	0.00	0.00	0.00	0.00	0.00	0.00	0.00	0.00
26.04.2023 11:18:00	600.00	0.55	0.67	0.94	0.97	1.02	501.75	2.84	0.01	16.33	0.25	0.07	0.05	0.20	0.20	0.23	0.27	0.29	16327413.78	0.00	20.46	1002.73	26.17	8.57	0.03	1.40	25.00	->	0.59	2.48	3.22	2.82	2.47	2.19	1.61	0.41	0.11	0.04	0.04	0.05	0.02	0.07	0.02	0.04	0.03	0.03	0.00	0.02	0.01	0.00	0.01	0.01	0.00	0.00	0.01	0.00	0.00	0.00	0.00	0.00	0.00	0.00	0.00	0.00	0.00	0.00	0.00	0.00	0.00	0.00	0.00	0.00	0.00	0.00	0.00	0.00	0.00	0.00	0.00	0.00	0.00	0.00	0.00	0.00	0.00	0.00	0.00	0.00	0.00	0.00	0.00	0.00
26.04.2023 11:19:00	600.00	0.55	0.69	1.00	1.04	1.11	505.62	3.28	0.02	16.62	0.25	0.08	0.06	0.20	0.20	0.23	0.27	0.29	16616132.98	0.00	20.60	1002.73	26.07	8.57	0.03	1.40	25.00	->	0.58	2.47	3.25	2.89	2.52	2.33	1.61	0.46	0.11	0.04	0.04	0.04	0.03	0.06	0.01	0.04	0.03	0.02	0.00	0.02	0.01	0.00	0.01	0.01	0.00	0.00	0.01	0.00	0.00	0.00	0.00	0.00	0.00	0.00	0.00	0.00	0.00	0.00	0.00	0.00	0.01	0.00	0.00	0.00	0.00	0.00	0.00	0.00	0.00	0.00	0.00	0.00	0.00	0.00	0.00	0.00	0.00	0.00	0.00	0.00	0.00	0.00	0.00	0.00
26.04.2023 11:20:00	600.00	0.55	0.69	0.99	1.04	1.11	510.12	3.72	0.02	16.86	0.25	0.08	0.06	0.20	0.20	0.23	0.27	0.28	16856820.28	0.00	20.73	1002.72	25.95	8.60	0.04	1.40	25.00	->	0.57	2.54	3.30	2.89	2.57	2.38	1.61	0.48	0.11	0.05	0.05	0.04	0.04	0.05	0.01	0.04	0.02	0.02	0.00	0.02	0.00	0.00	0.01	0.01	0.00	0.00	0.01	0.00	0.00	0.00	0.00	0.00	0.00	0.00	0.00	0.00	0.00	0.00	0.00	0.00	0.01	0.00	0.00	0.00	0.00	0.00	0.00	0.00	0.00	0.00	0.00	0.00	0.00	0.00	0.00	0.00	0.00	0.00	0.00	0.00	0.00	0.00	0.00	0.00
26.04.2023 11:21:00	600.00	0.55	0.68	0.97	1.02	1.08	514.88	4.13	0.02	16.99	0.25	0.07	0.06	0.20	0.20	0.23	0.27	0.28	16988512.12	0.00	20.86	1002.72	25.85	8.70	0.05	1.40	25.00	->	0.62	2.60	3.30	2.90	2.58	2.35	1.63	0.50	0.13	0.05	0.05	0.05	0.04	0.04	0.02	0.03	0.01	0.02	0.00	0.01	0.00	0.00	0.01	0.01	0.00	0.00	0.01	0.00	0.00	0.00	0.00	0.00	0.00	0.00	0.00	0.00	0.00	0.00	0.00	0.00	0.01	0.00	0.00	0.00	0.00	0.00	0.00	0.00	0.00	0.00	0.00	0.00	0.00	0.00	0.00	0.00	0.00	0.00	0.00	0.00	0.00	0.00	0.00	0.00
26.04.2023 11:22:00	600.00	0.54	0.65	0.89	0.94	0.99	520.18	4.81	0.02	17.05	0.24	0.07	0.05	0.20	0.20	0.23	0.27	0.28	17053170.42	0.00	20.99	1002.71	25.74	8.80	0.06	1.40	25.00	->	0.65	2.71	3.31	2.89	2.58	2.31	1.64	0.49	0.12	0.04	0.04	0.05	0.05	0.04	0.02	0.03	0.01	0.01	0.00	0.01	0.00	0.00	0.01	0.01	0.00	0.00	0.00	0.00	0.00	0.00	0.00	0.00	0.00	0.00	0.00	0.00	0.00	0.00	0.00	0.00	0.01	0.00	0.00	0.00	0.00	0.00	0.00	0.00	0.00	0.00	0.00	0.00	0.00	0.00	0.00	0.00	0.00	0.00	0.00	0.00	0.00	0.00	0.00	0.00
26.04.2023 11:23:00	600.00	0.54	0.65	0.90	0.94	1.00	525.34	5.03	0.02	17.16	0.24	0.07	0.05	0.20	0.20	0.23	0.27	0.28	17156095.91	0.00	21.10	1002.70	25.60	8.97	0.07	1.40	25.00	->	0.67	2.77	3.36	2.89	2.56	2.29	1.66	0.50	0.12	0.04	0.04	0.05	0.05	0.03	0.01	0.03	0.01	0.01	0.00	0.01	0.00	0.00	0.01	0.01	0.00	0.00	0.00	0.00	0.00	0.00	0.00	0.00	0.00	0.00	0.00	0.00	0.00	0.00	0.00	0.00	0.01	0.00	0.00	0.00	0.00	0.00	0.00	0.00	0.00	0.00	0.00	0.00	0.00	0.00	0.00	0.00	0.00	0.00	0.00	0.00	0.00	0.00	0.00	0.00
26.04.2023 11:24:00	600.00	0.53	0.65	0.89	0.93	0.98	529.73	5.64	0.03	17.18	0.24	0.07	0.05	0.20	0.20	0.23	0.27	0.28	17178264.45	0.00	21.22	1002.69	25.45	9.25	0.07	1.40	25.00	->	0.73	2.81	3.34	2.84	2.54	2.37	1.62	0.47	0.13	0.04	0.04	0.05	0.05	0.03	0.01	0.02	0.01	0.01	0.00	0.01	0.00	0.00	0.01	0.01	0.00	0.00	0.00	0.00	0.00	0.00	0.00	0.00	0.00	0.00	0.00	0.00	0.00	0.00	0.00	0.00	0.01	0.00	0.00	0.00	0.00	0.00	0.00	0.00	0.00	0.00	0.00	0.00	0.00	0.00	0.00	0.00	0.00	0.00	0.00	0.00	0.00	0.00	0.00	0.00
26.04.2023 11:25:00	600.00	0.53	0.64	0.86	0.88	0.92	533.37	5.58	0.03	17.13	0.24	0.07	0.05	0.20	0.20	0.23	0.27	0.28	17125218.23	0.00	21.33	1002.68	25.29	9.55	0.08	1.40	25.00	->	0.73	2.83	3.31	2.75	2.60	2.41	1.58	0.47	0.12	0.04	0.03	0.06	0.04	0.02	0.01	0.02	0.01	0.01	0.00	0.01	0.00	0.00	0.01	0.01	0.00	0.00	0.00	0.00	0.00	0.00	0.00	0.00	0.00	0.00	0.00	0.00	0.00	0.00	0.00	0.00	0.01	0.00	0.00	0.00	0.00	0.00	0.00	0.00	0.00	0.00	0.00	0.00	0.00	0.00	0.00	0.00	0.00	0.00	0.00	0.00	0.00	0.00	0.00	0.00
26.04.2023 11:26:00	600.00	0.52	0.63	0.86	0.88	0.93	535.88	5.60	0.03	16.59	0.24	0.07	0.05	0.20	0.20	0.23	0.27	0.28	16591589.15	0.00	21.43	1002.68	25.13	9.85	0.09	1.40	25.00	->	0.68	2.72	3.23	2.64	2.52	2.34	1.52	0.49	0.14	0.04	0.03	0.05	0.04	0.01	0.02	0.01	0.01	0.01	0.01	0.01	0.00	0.00	0.01	0.01	0.00	0.00	0.01	0.00	0.00	0.00	0.00	0.00	0.00	0.00	0.00	0.00	0.00	0.00	0.00	0.00	0.01	0.00	0.00	0.00	0.00	0.00	0.00	0.00	0.00	0.00	0.00	0.00	0.00	0.00	0.00	0.00	0.00	0.00	0.00	0.00	0.00	0.00	0.00	0.00
26.04.2023 11:27:00	600.00	0.50	0.61	0.83	0.86	0.90	537.35	5.57	0.03	16.28	0.24	0.07	0.05	0.20	0.20	0.23	0.27	0.28	16276478.80	0.00	21.52	1002.68	24.93	10.12	0.09	1.40	25.00	->	0.68	2.75	3.13	2.56	2.48	2.32	1.51	0.44	0.15	0.05	0.02	0.03	0.04	0.02	0.01	0.01	0.01	0.01	0.01	0.01	0.00	0.00	0.00	0.00	0.00	0.00	0.01	0.00	0.00	0.00	0.00	0.00	0.00	0.00	0.00	0.00	0.00	0.00	0.00	0.00	0.01	0.00	0.00	0.00	0.00	0.00	0.00	0.00	0.00	0.00	0.00	0.00	0.00	0.00	0.00	0.00	0.00	0.00	0.00	0.00	0.00	0.00	0.00	0.00
26.04.2023 11:28:00	600.00	0.50	0.61	0.84	0.87	0.92	537.23	4.83	0.02	16.05	0.24	0.07	0.05	0.20	0.20	0.23	0.27	0.28	16052154.01	0.00	21.61	1002.67	24.67	10.32	0.10	1.40	25.00	->	0.67	2.69	3.03	2.51	2.49	2.32	1.50	0.42	0.14	0.06	0.02	0.03	0.04	0.02	0.01	0.01	0.01	0.01	0.01	0.00	0.00	0.00	0.00	0.01	0.00	0.01	0.01	0.00	0.00	0.00	0.00	0.00	0.00	0.00	0.00	0.00	0.00	0.00	0.00	0.00	0.00	0.00	0.00	0.00	0.00	0.00	0.00	0.00	0.00	0.00	0.00	0.00	0.00	0.00	0.00	0.00	0.00	0.00	0.00	0.00	0.00	0.00	0.00	0.00
26.04.2023 11:29:00	600.00	0.48	0.57	0.74	0.76	0.80	535.44	4.76	0.02	15.57	0.24	0.07	0.04	0.20	0.20	0.23	0.27	0.28	15574738.07	0.00	21.70	1002.67	24.45	10.52	0.09	1.40	25.00	->	0.69	2.64	2.97	2.37	2.44	2.19	1.47	0.39	0.13	0.06	0.02	0.03	0.03	0.03	0.01	0.01	0.02	0.01	0.01	0.00	0.00	0.00	0.00	0.01	0.00	0.01	0.01	0.00	0.00	0.00	0.00	0.00	0.00	0.00	0.00	0.00	0.00	0.00	0.00	0.00	0.00	0.00	0.00	0.00	0.00	0.00	0.00	0.00	0.00	0.00	0.00	0.00	0.00	0.00	0.00	0.00	0.00	0.00	0.00	0.00	0.00	0.00	0.00	0.00
26.04.2023 11:30:00	600.00	0.48	0.57	0.74	0.76	0.80	533.61	4.59	0.02	15.32	0.24	0.07	0.04	0.20	0.20	0.23	0.27	0.28	15323494.33	0.00	21.79	1002.66	24.25	10.68	0.09	1.40	25.00	->	0.70	2.55	2.89	2.33	2.40	2.19	1.46	0.39	0.14	0.05	0.02	0.03	0.03	0.03	0.02	0.01	0.02	0.01	0.00	0.00	0.00	0.01	0.00	0.01	0.00	0.01	0.01	0.00	0.00	0.00	0.00	0.00	0.00	0.00	0.00	0.00	0.00	0.00	0.00	0.00	0.00	0.00	0.00	0.00	0.00	0.00	0.00	0.00	0.00	0.00	0.00	0.00	0.00	0.00	0.00	0.00	0.00	0.00	0.00	0.00	0.00	0.00	0.00	0.00
26.04.2023 11:31:00	600.00	0.49	0.59	0.76	0.78	0.82	531.28	4.88	0.02	15.13	0.24	0.07	0.04	0.20	0.20	0.23	0.27	0.28	15128199.81	0.00	21.87	1002.66	24.02	10.79	0.08	1.40	25.00	->	0.67	2.45	2.90	2.31	2.37	2.19	1.45	0.38	0.12	0.05	0.03	0.03	0.02	0.02	0.02	0.01	0.02	0.01	0.01	0.00	0.01	0.01	0.00	0.01	0.00	0.02	0.01	0.00	0.00	0.01	0.00	0.00	0.00	0.00	0.00	0.00	0.00	0.00	0.00	0.00	0.00	0.00	0.00	0.00	0.00	0.00	0.00	0.00	0.00	0.00	0.00	0.00	0.00	0.00	0.00	0.00	0.00	0.00	0.00	0.00	0.00	0.00	0.00	0.00
26.04.2023 11:32:00	600.00	0.49	0.60	0.78	0.80	0.83	528.40	4.76	0.02	15.17	0.24	0.07	0.04	0.20	0.20	0.23	0.27	0.28	15166466.98	0.00	21.94	1002.65	23.81	10.88	0.08	1.40	25.00	->	0.68	2.41	2.86	2.34	2.41	2.16	1.47	0.43	0.12	0.05	0.03	0.02	0.02	0.02	0.02	0.01	0.02	0.00	0.01	0.00	0.01	0.01	0.00	0.00	0.01	0.02	0.01	0.00	0.00	0.01	0.00	0.00	0.00	0.00	0.00	0.00	0.00	0.00	0.00	0.00	0.00	0.00	0.00	0.00	0.00	0.00	0.00	0.00	0.00	0.00	0.00	0.00	0.00	0.00	0.00	0.00	0.00	0.00	0.00	0.00	0.00	0.00	0.00	0.00
26.04.2023 11:33:00	600.00	0.50	0.60	0.78	0.80	0.83	525.35	4.59	0.02	15.18	0.24	0.07	0.04	0.20	0.20	0.23	0.27	0.28	15179398.65	0.00	22.01	1002.64	23.61	10.98	0.07	1.40	25.00	->	0.68	2.38	2.83	2.37	2.40	2.19	1.47	0.43	0.12	0.06	0.03	0.02	0.02	0.02	0.02	0.01	0.02	0.00	0.01	0.00	0.01	0.01	0.00	0.00	0.01	0.02	0.00	0.00	0.00	0.01	0.00	0.00	0.00	0.00	0.00	0.00	0.00	0.00	0.00	0.00	0.00	0.00	0.00	0.00	0.00	0.00	0.00	0.00	0.00	0.00	0.00	0.00	0.00	0.00	0.00	0.00	0.00	0.00	0.00	0.00	0.00	0.00	0.00	0.00
26.04.2023 11:34:00	600.00	0.49	0.59	0.74	0.77	0.80	522.64	4.29	0.02	15.00	0.24	0.07	0.04	0.20	0.20	0.23	0.27	0.28	14998619.27	0.00	22.08	1002.64	23.41	11.00	0.07	1.40	25.00	->	0.64	2.32	2.79	2.38	2.39	2.16	1.45	0.45	0.11	0.06	0.04	0.02	0.01	0.03	0.02	0.01	0.01	0.00	0.01	0.00	0.01	0.01	0.00	0.00	0.01	0.02	0.00	0.00	0.00	0.01	0.00	0.00	0.00	0.00	0.00	0.00	0.00	0.00	0.00	0.00	0.00	0.00	0.00	0.00	0.00	0.00	0.00	0.00	0.00	0.00	0.00	0.00	0.00	0.00	0.00	0.00	0.00	0.00	0.00	0.00	0.00	0.00	0.00	0.00
26.04.2023 11:35:00	600.00	0.48	0.57	0.69	0.72	0.74	520.03	4.49	0.02	14.71	0.24	0.07	0.04	0.20	0.20	0.23	0.27	0.28	14713330.92	0.00	22.16	1002.64	23.22	11.00	0.06	1.40	25.00	->	0.64	2.30	2.69	2.44	2.30	2.10	1.41	0.44	0.11	0.06	0.04	0.01	0.01	0.03	0.03	0.01	0.01	0.01	0.01	0.00	0.02	0.01	0.00	0.00	0.01	0.01	0.00	0.00	0.00	0.01	0.00	0.00	0.00	0.00	0.00	0.00	0.00	0.00	0.00	0.00	0.00	0.00	0.00	0.00	0.00	0.00	0.00	0.00	0.00	0.00	0.00	0.00	0.00	0.00	0.00	0.00	0.00	0.00	0.00	0.00	0.00	0.00	0.00	0.00
26.04.2023 11:36:00	600.00	0.48	0.55	0.65	0.67	0.69	517.14	5.02	0.02	14.70	0.24	0.07	0.03	0.20	0.20	0.23	0.27	0.28	14697496.23	0.00	22.23	1002.64	23.03	11.00	0.05	1.40	25.00	->	0.61	2.26	2.67	2.40	2.38	2.14	1.42	0.41	0.12	0.06	0.04	0.01	0.01	0.04	0.02	0.01	0.01	0.01	0.00	0.00	0.02	0.00	0.00	0.00	0.01	0.02	0.00	0.00	0.00	0.01	0.00	0.00	0.00	0.00	0.00	0.00	0.00	0.00	0.00	0.00	0.00	0.00	0.00	0.00	0.00	0.00	0.00	0.00	0.00	0.00	0.00	0.00	0.00	0.00	0.00	0.00	0.00	0.00	0.00	0.00	0.00	0.00	0.00	0.00
26.04.2023 11:37:00	600.00	0.48	0.55	0.65	0.67	0.69	513.81	5.51	0.03	14.36	0.24	0.07	0.03	0.20	0.20	0.23	0.27	0.28	14359953.40	0.00	22.31	1002.64	22.85	11.00	0.04	1.40	25.00	->	0.59	2.14	2.59	2.32	2.41	2.06	1.41	0.42	0.12	0.05	0.04	0.01	0.01	0.03	0.02	0.02	0.01	0.01	0.00	0.00	0.02	0.00	0.00	0.00	0.01	0.02	0.00	0.00	0.00	0.01	0.00	0.00	0.00	0.00	0.00	0.00	0.00	0.00	0.00	0.00	0.00	0.00	0.00	0.00	0.00	0.00	0.00	0.00	0.00	0.00	0.00	0.00	0.00	0.00	0.00	0.00	0.00	0.00	0.00	0.00	0.00	0.00	0.00	0.00
26.04.2023 11:38:00	600.00	0.47	0.52	0.58	0.58	0.58	510.45	6.11	0.03	14.19	0.24	0.07	0.02	0.20	0.20	0.23	0.27	0.28	14192897.43	0.00	22.38	1002.64	22.68	11.00	0.04	1.39	25.00	->	0.59	2.11	2.58	2.29	2.38	2.00	1.40	0.42	0.12	0.05	0.04	0.02	0.01	0.03	0.03	0.02	0.01	0.01	0.00	0.00	0.02	0.00	0.00	0.00	0.01	0.01	0.00	0.00	0.00	0.01	0.00	0.00	0.00	0.00	0.00	0.00	0.00	0.00	0.00	0.00	0.00	0.00	0.00	0.00	0.00	0.00	0.00	0.00	0.00	0.00	0.00	0.00	0.00	0.00	0.00	0.00	0.00	0.00	0.00	0.00	0.00	0.00	0.00	0.00
26.04.2023 11:39:00	600.00	0.47	0.52	0.58	0.58	0.58	507.35	6.88	0.03	14.19	0.24	0.07	0.02	0.20	0.20	0.23	0.27	0.29	14191841.77	0.00	22.45	1002.65	22.52	11.00	0.03	1.39	25.00	->	0.58	2.10	2.55	2.32	2.37	2.04	1.37	0.43	0.14	0.06	0.04	0.02	0.02	0.03	0.03	0.02	0.00	0.01	0.00	0.00	0.02	0.00	0.00	0.00	0.01	0.01	0.00	0.00	0.00	0.01	0.00	0.00	0.00	0.00	0.00	0.00	0.00	0.00	0.00	0.00	0.00	0.00	0.00	0.00	0.00	0.00	0.00	0.00	0.00	0.00	0.00	0.00	0.00	0.00	0.00	0.00	0.00	0.00	0.00	0.00	0.00	0.00	0.00	0.00
26.04.2023 11:40:00	600.00	0.47	0.53	0.59	0.59	0.59	503.84	7.61	0.03	14.28	0.24	0.07	0.02	0.20	0.20	0.23	0.27	0.28	14278140.84	0.00	22.52	1002.66	22.38	11.00	0.03	1.39	25.00	->	0.56	2.24	2.57	2.34	2.35	2.01	1.35	0.43	0.13	0.06	0.03	0.02	0.02	0.03	0.03	0.03	0.00	0.01	0.00	0.00	0.01	0.01	0.00	0.00	0.01	0.01	0.00	0.01	0.00	0.01	0.00	0.00	0.00	0.00	0.00	0.00	0.00	0.00	0.00	0.00	0.00	0.00	0.00	0.00	0.00	0.00	0.00	0.00	0.00	0.00	0.00	0.00	0.00	0.00	0.00	0.00	0.00	0.00	0.00	0.00	0.00	0.00	0.00	0.00
26.04.2023 11:41:00	600.00	0.47	0.52	0.57	0.57	0.57	500.33	8.15	0.04	14.27	0.24	0.06	0.02	0.20	0.20	0.23	0.27	0.28	14271279.15	0.00	22.59	1002.67	22.24	10.98	0.03	1.39	25.00	->	0.55	2.19	2.55	2.39	2.37	2.01	1.36	0.44	0.13	0.05	0.03	0.03	0.02	0.03	0.03	0.03	0.00	0.01	0.00	0.00	0.01	0.01	0.00	0.00	0.01	0.00	0.00	0.01	0.00	0.00	0.00	0.00	0.00	0.00	0.00	0.00	0.00	0.00	0.00	0.00	0.00	0.00	0.00	0.00	0.00	0.00	0.00	0.00	0.00	0.00	0.00	0.00	0.00	0.00	0.00	0.00	0.00	0.00	0.00	0.00	0.00	0.00	0.00	0.00
26.04.2023 11:42:00	600.00	0.46	0.50	0.55	0.55	0.55	496.88	8.78	0.04	14.23	0.24	0.06	0.02	0.20	0.20	0.23	0.27	0.28	14226150.26	0.00	22.65	1002.68	22.11	10.88	0.03	1.39	25.00	->	0.53	2.16	2.63	2.41	2.35	2.02	1.32	0.39	0.13	0.06	0.03	0.03	0.02	0.03	0.03	0.03	0.00	0.01	0.00	0.00	0.01	0.01	0.00	0.00	0.00	0.00	0.00	0.01	0.00	0.00	0.00	0.00	0.00	0.00	0.00	0.00	0.00	0.00	0.00	0.00	0.00	0.00	0.00	0.00	0.00	0.00	0.00	0.00	0.00	0.00	0.00	0.00	0.00	0.00	0.00	0.00	0.00	0.00	0.00	0.00	0.00	0.00	0.00	0.00
26.04.2023 11:43:00	600.00	0.46	0.50	0.55	0.55	0.55	493.32	9.26	0.04	14.27	0.24	0.06	0.02	0.20	0.20	0.23	0.27	0.28	14268376.11	0.00	22.71	1002.69	21.99	10.78	0.03	1.39	25.00	->	0.52	2.16	2.65	2.41	2.36	2.05	1.31	0.41	0.13	0.05	0.03	0.03	0.02	0.02	0.03	0.02	0.00	0.01	0.00	0.00	0.01	0.01	0.00	0.00	0.00	0.00	0.00	0.01	0.00	0.00	0.00	0.00	0.00	0.00	0.00	0.00	0.00	0.00	0.00	0.00	0.00	0.00	0.00	0.00	0.00	0.00	0.00	0.00	0.00	0.00	0.00	0.00	0.00	0.00	0.00	0.00	0.00	0.00	0.00	0.00	0.00	0.00	0.00	0.00
26.04.2023 11:44:00	600.00	0.47	0.52	0.58	0.58	0.58	489.48	9.67	0.04	14.40	0.24	0.06	0.02	0.20	0.20	0.23	0.27	0.28	14400595.77	0.00	22.78	1002.69	21.87	10.68	0.03	1.39	25.00	->	0.51	2.19	2.71	2.43	2.36	2.04	1.34	0.37	0.13	0.05	0.04	0.03	0.03	0.03	0.04	0.03	0.01	0.02	0.00	0.01	0.01	0.01	0.00	0.00	0.00	0.00	0.00	0.01	0.00	0.00	0.00	0.00	0.00	0.00	0.00	0.00	0.00	0.00	0.00	0.00	0.00	0.00	0.00	0.00	0.00	0.00	0.00	0.00	0.00	0.00	0.00	0.00	0.00	0.00	0.00	0.00	0.00	0.00	0.00	0.00	0.00	0.00	0.00	0.00
26.04.2023 11:45:00	600.00	0.46	0.51	0.56	0.56	0.56	485.47	9.81	0.04	14.25	0.24	0.06	0.02	0.20	0.20	0.23	0.27	0.28	14252805.34	0.00	22.83	1002.70	21.76	10.58	0.03	1.38	25.00	->	0.50	2.13	2.76	2.35	2.30	2.04	1.38	0.35	0.13	0.05	0.05	0.04	0.03	0.03	0.03	0.03	0.01	0.01	0.00	0.01	0.01	0.01	0.00	0.00	0.00	0.00	0.00	0.01	0.00	0.00	0.00	0.00	0.00	0.00	0.00	0.00	0.00	0.00	0.00	0.00	0.00	0.00	0.00	0.00	0.00	0.00	0.00	0.00	0.00	0.00	0.00	0.00	0.00	0.00	0.00	0.00	0.00	0.00	0.00	0.00	0.00	0.00	0.00	0.00
26.04.2023 11:46:00	600.00	0.46	0.51	0.57	0.57	0.57	481.62	9.55	0.04	14.19	0.24	0.06	0.02	0.20	0.20	0.23	0.27	0.28	14185243.96	0.00	22.88	1002.69	21.66	10.48	0.03	1.38	25.00	->	0.55	2.13	2.78	2.36	2.24	1.94	1.40	0.35	0.12	0.05	0.05	0.04	0.02	0.02	0.04	0.03	0.01	0.01	0.00	0.01	0.01	0.01	0.00	0.00	0.00	0.00	0.00	0.01	0.00	0.00	0.01	0.00	0.00	0.00	0.00	0.00	0.00	0.00	0.00	0.00	0.00	0.00	0.00	0.00	0.00	0.00	0.00	0.00	0.00	0.00	0.00	0.00	0.00	0.00	0.00	0.00	0.00	0.00	0.00	0.00	0.00	0.00	0.00	0.00
26.04.2023 11:47:00	600.00	0.46	0.51	0.58	0.57	0.58	478.25	9.37	0.04	14.32	0.24	0.06	0.02	0.20	0.20	0.23	0.27	0.28	14324061.42	0.00	22.93	1002.69	21.57	10.38	0.03	1.38	25.00	->	0.57	2.13	2.84	2.43	2.16	1.99	1.39	0.35	0.11	0.06	0.05	0.04	0.03	0.02	0.03	0.02	0.02	0.01	0.00	0.01	0.01	0.01	0.00	0.00	0.00	0.00	0.00	0.01	0.00	0.00	0.01	0.00	0.00	0.00	0.00	0.00	0.00	0.00	0.00	0.00	0.00	0.00	0.00	0.00	0.00	0.00	0.00	0.00	0.00	0.00	0.00	0.00	0.00	0.00	0.00	0.00	0.00	0.00	0.00	0.00	0.00	0.00	0.00	0.00
26.04.2023 11:48:00	600.00	0.47	0.52	0.58	0.58	0.58	475.09	9.10	0.04	14.42	0.24	0.06	0.02	0.20	0.20	0.23	0.27	0.28	14424347.79	0.00	22.98	1002.68	21.48	10.19	0.04	1.38	25.00	->	0.55	2.12	2.88	2.49	2.16	2.03	1.35	0.37	0.11	0.06	0.06	0.04	0.03	0.03	0.03	0.02	0.02	0.01	0.00	0.01	0.01	0.01	0.00	0.00	0.00	0.00	0.00	0.01	0.00	0.00	0.01	0.00	0.00	0.00	0.00	0.00	0.00	0.00	0.00	0.00	0.00	0.00	0.00	0.00	0.00	0.00	0.00	0.00	0.00	0.00	0.00	0.00	0.00	0.00	0.00	0.00	0.00	0.00	0.00	0.00	0.00	0.00	0.00	0.00
26.04.2023 11:49:00	600.00	0.47	0.53	0.58	0.58	0.58	472.11	8.78	0.04	14.32	0.24	0.06	0.02	0.20	0.20	0.23	0.27	0.28	14321950.12	0.00	23.03	1002.67	21.39	9.99	0.04	1.38	25.00	->	0.53	2.10	2.83	2.49	2.13	2.05	1.37	0.37	0.10	0.05	0.06	0.04	0.02	0.03	0.03	0.02	0.02	0.01	0.00	0.01	0.01	0.01	0.00	0.00	0.00	0.00	0.00	0.01	0.00	0.00	0.01	0.00	0.00	0.00	0.00	0.00	0.00	0.00	0.00	0.00	0.00	0.00	0.00	0.00	0.00	0.00	0.00	0.00	0.00	0.00	0.00	0.00	0.00	0.00	0.00	0.00	0.00	0.00	0.00	0.00	0.00	0.00	0.00	0.00
26.04.2023 11:50:00	600.00	0.47	0.51	0.57	0.56	0.57	469.47	8.70	0.04	14.49	0.24	0.06	0.02	0.20	0.20	0.23	0.27	0.28	14489797.81	0.00	23.08	1002.66	21.29	9.79	0.04	1.38	25.00	->	0.55	2.14	2.89	2.54	2.13	2.04	1.39	0.35	0.09	0.07	0.06	0.05	0.02	0.03	0.03	0.02	0.02	0.01	0.00	0.01	0.01	0.00	0.00	0.00	0.00	0.00	0.00	0.00	0.00	0.00	0.01	0.00	0.00	0.00	0.00	0.00	0.00	0.00	0.00	0.00	0.00	0.00	0.00	0.00	0.00	0.00	0.00	0.00	0.00	0.00	0.00	0.00	0.00	0.00	0.00	0.00	0.00	0.00	0.00	0.00	0.00	0.00	0.00	0.00
26.04.2023 11:51:00	600.00	0.47	0.52	0.58	0.57	0.58	467.07	8.66	0.04	14.63	0.24	0.06	0.02	0.20	0.20	0.23	0.27	0.28	14634157.42	0.00	23.12	1002.65	21.20	9.62	0.03	1.38	25.00	->	0.58	2.24	2.93	2.50	2.19	2.03	1.35	0.33	0.10	0.08	0.07	0.04	0.02	0.04	0.03	0.02	0.02	0.01	0.00	0.01	0.01	0.00	0.00	0.00	0.00	0.00	0.00	0.00	0.00	0.00	0.01	0.00	0.00	0.00	0.00	0.00	0.00	0.00	0.00	0.00	0.00	0.00	0.00	0.00	0.00	0.00	0.00	0.00	0.00	0.00	0.00	0.00	0.00	0.00	0.00	0.00	0.00	0.00	0.00	0.00	0.00	0.00	0.00	0.00
26.04.2023 11:52:00	600.00	0.48	0.53	0.58	0.58	0.58	464.93	8.13	0.04	14.78	0.24	0.06	0.02	0.20	0.20	0.23	0.27	0.29	14783003.53	0.00	23.16	1002.64	21.10	9.52	0.03	1.38	25.00	->	0.60	2.27	2.98	2.43	2.21	2.02	1.39	0.38	0.09	0.08	0.09	0.05	0.02	0.05	0.03	0.01	0.02	0.01	0.00	0.01	0.01	0.00	0.00	0.00	0.00	0.00	0.00	0.00	0.00	0.00	0.01	0.00	0.00	0.00	0.00	0.00	0.00	0.00	0.00	0.00	0.00	0.00	0.00	0.00	0.00	0.00	0.00	0.00	0.00	0.00	0.00	0.00	0.00	0.00	0.00	0.00	0.00	0.00	0.00	0.00	0.00	0.00	0.00	0.00
26.04.2023 11:53:00	600.00	0.48	0.53	0.59	0.59	0.59	463.10	7.67	0.03	14.71	0.24	0.06	0.02	0.20	0.20	0.23	0.27	0.29	14710163.94	0.00	23.21	1002.63	21.00	9.42	0.03	1.38	25.00	->	0.64	2.25	2.94	2.37	2.22	1.99	1.41	0.36	0.10	0.09	0.08	0.05	0.02	0.05	0.03	0.01	0.02	0.02	0.00	0.02	0.01	0.00	0.00	0.00	0.00	0.00	0.00	0.00	0.00	0.00	0.01	0.00	0.00	0.00	0.00	0.00	0.00	0.00	0.00	0.00	0.00	0.00	0.00	0.00	0.00	0.00	0.00	0.00	0.00	0.00	0.00	0.00	0.00	0.00	0.00	0.00	0.00	0.00	0.00	0.00	0.00	0.00	0.00	0.00
26.04.2023 11:54:00	600.00	0.47	0.51	0.56	0.56	0.56	461.57	7.36	0.03	14.59	0.24	0.06	0.02	0.20	0.20	0.23	0.27	0.29	14587445.09	0.00	23.26	1002.62	20.90	9.27	0.03	1.38	25.00	->	0.65	2.25	2.89	2.30	2.19	1.95	1.43	0.41	0.11	0.09	0.08	0.06	0.02	0.05	0.02	0.01	0.02	0.02	0.00	0.01	0.01	0.00	0.00	0.00	0.00	0.00	0.00	0.00	0.00	0.00	0.00	0.00	0.00	0.00	0.00	0.00	0.00	0.00	0.00	0.00	0.00	0.00	0.00	0.00	0.00	0.00	0.00	0.00	0.00	0.00	0.00	0.00	0.00	0.00	0.00	0.00	0.00	0.00	0.00	0.00	0.00	0.00	0.00	0.00
26.04.2023 11:55:00	600.00	0.48	0.54	0.61	0.60	0.61	460.04	7.66	0.03	14.96	0.24	0.06	0.02	0.20	0.20	0.23	0.27	0.29	14961671.59	0.00	23.31	1002.61	20.80	9.07	0.02	1.38	25.00	->	0.70	2.36	2.92	2.36	2.26	1.93	1.45	0.45	0.11	0.10	0.07	0.06	0.02	0.05	0.03	0.01	0.02	0.02	0.00	0.01	0.01	0.00	0.00	0.00	0.00	0.00	0.00	0.00	0.00	0.00	0.00	0.00	0.00	0.00	0.00	0.00	0.00	0.00	0.00	0.00	0.00	0.00	0.00	0.00	0.00	0.00	0.00	0.00	0.00	0.00	0.00	0.00	0.00	0.00	0.00	0.00	0.00	0.00	0.00	0.00	0.00	0.00	0.00	0.00
26.04.2023 11:56:00	600.00	0.48	0.53	0.61	0.60	0.61	458.58	7.96	0.04	14.98	0.24	0.06	0.03	0.20	0.20	0.23	0.27	0.29	14980673.23	0.00	23.35	1002.61	20.69	8.87	0.02	1.38	25.00	->	0.68	2.41	2.90	2.44	2.24	1.94	1.39	0.46	0.11	0.10	0.07	0.06	0.02	0.05	0.03	0.01	0.02	0.03	0.01	0.00	0.01	0.00	0.00	0.00	0.00	0.00	0.00	0.00	0.00	0.00	0.00	0.00	0.00	0.00	0.00	0.00	0.00	0.00	0.00	0.00	0.00	0.00	0.00	0.00	0.00	0.00	0.00	0.00	0.00	0.00	0.00	0.00	0.00	0.00	0.00	0.00	0.00	0.00	0.00	0.00	0.00	0.00	0.00	0.00
26.04.2023 11:57:00	600.00	0.48	0.53	0.60	0.60	0.61	457.25	8.10	0.04	14.93	0.24	0.06	0.03	0.20	0.20	0.23	0.27	0.29	14928418.75	0.00	23.39	1002.61	20.58	8.67	0.02	1.38	25.00	->	0.67	2.42	2.84	2.46	2.31	1.89	1.37	0.45	0.11	0.08	0.06	0.05	0.02	0.04	0.03	0.01	0.01	0.03	0.01	0.00	0.01	0.00	0.00	0.00	0.00	0.00	0.00	0.00	0.00	0.00	0.00	0.00	0.00	0.00	0.00	0.00	0.00	0.00	0.00	0.00	0.00	0.00	0.00	0.00	0.00	0.00	0.00	0.00	0.00	0.00	0.00	0.00	0.00	0.00	0.00	0.00	0.00	0.00	0.00	0.00	0.00	0.00	0.00	0.00
26.04.2023 11:58:00	600.00	0.47	0.50	0.56	0.56	0.57	456.11	8.37	0.04	14.75	0.24	0.06	0.02	0.20	0.20	0.23	0.27	0.29	14753709.31	0.00	23.43	1002.61	20.46	8.55	0.02	1.37	25.00	->	0.66	2.43	2.80	2.40	2.29	1.88	1.39	0.44	0.11	0.09	0.06	0.05	0.02	0.04	0.02	0.01	0.01	0.03	0.01	0.00	0.00	0.00	0.00	0.00	0.00	0.00	0.00	0.00	0.00	0.00	0.00	0.00	0.00	0.00	0.00	0.00	0.00	0.00	0.00	0.00	0.00	0.00	0.00	0.00	0.00	0.00	0.00	0.00	0.00	0.00	0.00	0.00	0.00	0.00	0.00	0.00	0.00	0.00	0.00	0.00	0.00	0.00	0.00	0.00
26.04.2023 11:59:00	600.00	0.47	0.51	0.57	0.57	0.57	455.10	8.43	0.04	14.86	0.24	0.06	0.02	0.20	0.20	0.23	0.27	0.28	14855579.16	0.00	23.48	1002.61	20.34	8.45	0.02	1.37	25.00	->	0.66	2.47	2.87	2.33	2.34	1.88	1.37	0.43	0.13	0.08	0.06	0.04	0.02	0.04	0.03	0.01	0.01	0.03	0.01	0.00	0.00	0.00	0.00	0.00	0.00	0.00	0.00	0.00	0.00	0.00	0.00	0.00	0.00	0.00	0.00	0.00	0.00	0.00	0.00	0.00	0.00	0.00	0.00	0.00	0.00	0.00	0.00	0.00	0.00	0.00	0.00	0.00	0.00	0.00	0.00	0.00	0.00	0.00	0.00	0.00	0.00	0.00	0.00	0.00
26.04.2023 12:00:00	600.00	0.47	0.51	0.57	0.56	0.57	454.17	8.10	0.04	14.71	0.24	0.06	0.02	0.20	0.20	0.23	0.27	0.28	14709108.30	0.00	23.52	1002.61	20.23	8.35	0.01	1.37	25.00	->	0.65	2.44	2.80	2.30	2.37	1.89	1.35	0.42	0.13	0.06	0.07	0.03	0.02	0.04	0.04	0.01	0.02	0.03	0.01	0.00	0.00	0.00	0.00	0.00	0.00	0.00	0.00	0.00	0.00	0.00	0.00	0.00	0.00	0.00	0.00	0.00	0.00	0.00	0.00	0.00	0.00	0.00	0.00	0.00	0.00	0.00	0.00	0.00	0.00	0.00	0.00	0.00	0.00	0.00	0.00	0.00	0.00	0.00	0.00	0.00	0.00	0.00	0.00	0.00
26.04.2023 12:01:00	600.00	0.46	0.49	0.55	0.55	0.55	453.23	7.24	0.03	14.67	0.24	0.06	0.02	0.20	0.20	0.23	0.27	0.28	14665562.89	0.00	23.56	1002.61	20.12	8.21	0.01	1.36	25.00	->	0.63	2.47	2.82	2.33	2.27	1.90	1.36	0.44	0.13	0.06	0.05	0.03	0.02	0.03	0.03	0.01	0.02	0.03	0.01	0.00	0.00	0.00	0.00	0.00	0.00	0.00	0.00	0.00	0.00	0.00	0.00	0.00	0.00	0.00	0.00	0.00	0.00	0.00	0.00	0.00	0.00	0.00	0.00	0.00	0.00	0.00	0.00	0.00	0.00	0.00	0.00	0.00	0.00	0.00	0.00	0.00	0.00	0.00	0.00	0.00	0.00	0.00	0.00	0.00
26.04.2023 12:02:00	600.00	0.46	0.49	0.55	0.54	0.55	452.39	7.18	0.03	14.59	0.24	0.06	0.02	0.20	0.20	0.23	0.27	0.28	14594306.78	0.00	23.59	1002.61	20.01	8.01	0.01	1.36	25.00	->	0.62	2.48	2.78	2.35	2.21	1.89	1.42	0.41	0.13	0.05	0.04	0.03	0.01	0.03	0.02	0.01	0.02	0.03	0.01	0.01	0.00	0.00	0.00	0.00	0.00	0.00	0.00	0.00	0.00	0.00	0.00	0.00	0.00	0.00	0.00	0.00	0.00	0.00	0.00	0.00	0.00	0.00	0.00	0.00	0.00	0.00	0.00	0.00	0.00	0.00	0.00	0.00	0.00	0.00	0.00	0.00	0.00	0.00	0.00	0.00	0.00	0.00	0.00	0.00
26.04.2023 12:03:00	600.00	0.46	0.48	0.54	0.54	0.54	451.69	7.56	0.03	14.75	0.24	0.06	0.02	0.20	0.20	0.23	0.27	0.28	14754764.97	0.00	23.63	1002.61	19.91	7.81	0.01	1.36	25.00	->	0.58	2.52	2.84	2.45	2.23	1.90	1.40	0.42	0.13	0.05	0.04	0.03	0.01	0.03	0.03	0.01	0.02	0.02	0.01	0.01	0.00	0.00	0.00	0.00	0.00	0.00	0.00	0.00	0.00	0.00	0.00	0.00	0.00	0.00	0.00	0.00	0.00	0.00	0.00	0.00	0.00	0.00	0.00	0.00	0.00	0.00	0.00	0.00	0.00	0.00	0.00	0.00	0.00	0.00	0.00	0.00	0.00	0.00	0.00	0.00	0.00	0.00	0.00	0.00
26.04.2023 12:04:00	600.00	0.46	0.48	0.54	0.54	0.55	451.09	7.47	0.03	14.79	0.24	0.06	0.02	0.20	0.20	0.23	0.27	0.28	14788809.55	0.00	23.67	1002.61	19.81	7.65	0.01	1.36	25.00	->	0.58	2.50	2.88	2.53	2.29	1.88	1.34	0.39	0.13	0.05	0.03	0.02	0.01	0.02	0.03	0.01	0.02	0.02	0.02	0.01	0.00	0.00	0.01	0.00	0.00	0.00	0.00	0.00	0.00	0.00	0.00	0.00	0.00	0.00	0.00	0.00	0.00	0.00	0.00	0.00	0.00	0.00	0.00	0.00	0.00	0.00	0.00	0.00	0.00	0.00	0.00	0.00	0.00	0.00	0.00	0.00	0.00	0.00	0.00	0.00	0.00	0.00	0.00	0.00
26.04.2023 12:05:00	600.00	0.45	0.47	0.51	0.51	0.51	450.56	7.23	0.03	14.60	0.24	0.06	0.02	0.20	0.20	0.23	0.27	0.28	14598529.36	0.00	23.71	1002.61	19.72	7.55	0.01	1.36	25.00	->	0.55	2.40	2.93	2.55	2.24	1.87	1.32	0.36	0.13	0.04	0.02	0.02	0.01	0.02	0.03	0.01	0.02	0.02	0.01	0.01	0.00	0.00	0.01	0.00	0.00	0.00	0.00	0.00	0.00	0.00	0.00	0.00	0.00	0.00	0.00	0.00	0.00	0.00	0.00	0.00	0.00	0.00	0.00	0.00	0.00	0.00	0.00	0.00	0.00	0.00	0.00	0.00	0.00	0.00	0.00	0.00	0.00	0.00	0.00	0.00	0.00	0.00	0.00	0.00
26.04.2023 12:06:00	600.00	0.45	0.46	0.48	0.48	0.48	449.98	7.15	0.03	14.51	0.24	0.06	0.02	0.20	0.20	0.23	0.27	0.28	14510119.01	0.00	23.75	1002.61	19.64	7.46	0.01	1.36	25.00	->	0.55	2.39	2.94	2.49	2.24	1.92	1.30	0.34	0.13	0.04	0.02	0.02	0.01	0.02	0.03	0.01	0.02	0.01	0.01	0.01	0.00	0.00	0.01	0.00	0.00	0.00	0.00	0.00	0.00	0.00	0.00	0.00	0.00	0.00	0.00	0.00	0.00	0.00	0.00	0.00	0.00	0.00	0.00	0.00	0.00	0.00	0.00	0.00	0.00	0.00	0.00	0.00	0.00	0.00	0.00	0.00	0.00	0.00	0.00	0.00	0.00	0.00	0.00	0.00
26.04.2023 12:07:00	600.00	0.45	0.46	0.48	0.48	0.48	449.47	6.77	0.03	14.60	0.24	0.06	0.02	0.20	0.20	0.23	0.27	0.28	14602224.13	0.00	23.78	1002.61	19.58	7.35	0.01	1.36	25.00	->	0.55	2.42	3.05	2.43	2.15	1.99	1.31	0.35	0.13	0.05	0.02	0.02	0.01	0.02	0.03	0.01	0.02	0.01	0.00	0.01	0.00	0.00	0.01	0.00	0.00	0.00	0.00	0.00	0.00	0.00	0.00	0.00	0.00	0.00	0.00	0.00	0.00	0.00	0.00	0.00	0.00	0.00	0.00	0.00	0.00	0.00	0.00	0.00	0.00	0.00	0.00	0.00	0.00	0.00	0.00	0.00	0.00	0.00	0.00	0.00	0.00	0.00	0.00	0.00
26.04.2023 12:08:00	600.00	0.45	0.46	0.49	0.49	0.49	450.74	6.63	0.03	14.79	0.24	0.06	0.02	0.20	0.20	0.23	0.27	0.28	14791712.59	0.00	23.82	1002.61	19.54	7.19	0.01	1.36	25.00	->	0.58	2.45	3.13	2.44	2.13	2.01	1.29	0.36	0.15	0.05	0.02	0.02	0.02	0.02	0.03	0.00	0.02	0.01	0.01	0.01	0.00	0.00	0.01	0.00	0.00	0.00	0.00	0.00	0.00	0.00	0.00	0.00	0.00	0.00	0.00	0.00	0.00	0.00	0.00	0.00	0.00	0.00	0.00	0.00	0.00	0.00	0.00	0.00	0.00	0.00	0.00	0.00	0.00	0.00	0.00	0.00	0.00	0.00	0.00	0.00	0.00	0.00	0.00	0.00
26.04.2023 12:09:00	600.00	0.46	0.47	0.50	0.50	0.50	452.79	7.26	0.03	14.81	0.24	0.06	0.02	0.20	0.20	0.23	0.27	0.28	14807283.38	0.00	23.85	1002.61	19.51	6.99	0.01	1.37	25.00	->	0.58	2.41	3.19	2.51	2.06	1.98	1.32	0.38	0.13	0.05	0.02	0.02	0.02	0.03	0.02	0.01	0.01	0.01	0.01	0.01	0.00	0.00	0.01	0.00	0.00	0.00	0.00	0.00	0.01	0.00	0.00	0.00	0.00	0.00	0.00	0.00	0.00	0.00	0.00	0.00	0.00	0.00	0.00	0.00	0.00	0.00	0.00	0.00	0.00	0.00	0.00	0.00	0.00	0.00	0.00	0.00	0.00	0.00	0.00	0.00	0.00	0.00	0.00	0.00
26.04.2023 12:10:00	600.00	0.46	0.48	0.50	0.50	0.50	455.22	8.24	0.04	14.72	0.24	0.06	0.02	0.20	0.20	0.23	0.27	0.28	14724679.06	0.00	23.88	1002.62	19.50	6.79	0.02	1.37	25.00	->	0.57	2.33	3.18	2.49	2.02	2.00	1.34	0.40	0.15	0.05	0.02	0.03	0.02	0.02	0.02	0.01	0.01	0.01	0.01	0.01	0.00	0.00	0.01	0.00	0.00	0.00	0.00	0.00	0.01	0.00	0.00	0.00	0.00	0.00	0.00	0.00	0.00	0.00	0.00	0.00	0.00	0.00	0.00	0.00	0.00	0.00	0.00	0.00	0.00	0.00	0.00	0.00	0.00	0.00	0.00	0.00	0.00	0.00	0.00	0.00	0.00	0.00	0.00	0.00
26.04.2023 12:11:00	600.00	0.46	0.48	0.50	0.50	0.50	457.82	9.49	0.04	14.70	0.24	0.06	0.02	0.20	0.20	0.23	0.27	0.28	14699079.63	0.00	23.91	1002.62	19.50	6.63	0.02	1.37	25.00	->	0.61	2.29	3.18	2.45	2.05	1.99	1.36	0.36	0.15	0.06	0.02	0.02	0.02	0.02	0.02	0.01	0.01	0.02	0.01	0.01	0.00	0.00	0.01	0.00	0.00	0.00	0.00	0.00	0.01	0.00	0.00	0.00	0.00	0.00	0.00	0.00	0.00	0.00	0.00	0.00	0.00	0.00	0.00	0.00	0.00	0.00	0.00	0.00	0.00	0.00	0.00	0.00	0.00	0.00	0.00	0.00	0.00	0.00	0.00	0.00	0.00	0.00	0.00	0.00
26.04.2023 12:12:00	600.00	0.45	0.47	0.50	0.50	0.50	460.07	10.62	0.05	14.56	0.24	0.06	0.02	0.20	0.20	0.23	0.27	0.28	14564220.82	0.00	23.94	1002.62	19.51	6.53	0.03	1.37	25.00	->	0.61	2.27	3.15	2.44	2.05	2.02	1.26	0.34	0.15	0.06	0.01	0.03	0.03	0.02	0.02	0.02	0.02	0.02	0.01	0.01	0.00	0.00	0.01	0.00	0.00	0.00	0.00	0.00	0.01	0.00	0.00	0.00	0.00	0.00	0.00	0.00	0.00	0.00	0.00	0.00	0.00	0.00	0.00	0.00	0.00	0.00	0.00	0.00	0.00	0.00	0.00	0.00	0.00	0.00	0.00	0.00	0.00	0.00	0.00	0.00	0.00	0.00	0.00	0.00
26.04.2023 12:13:00	600.00	0.45	0.50	0.59	0.66	0.71	462.31	11.30	0.05	14.46	0.24	0.07	0.04	0.20	0.20	0.23	0.27	0.28	14456017.13	0.00	23.97	1002.62	19.52	6.43	0.03	1.37	25.00	->	0.61	2.30	3.12	2.38	2.01	2.03	1.24	0.35	0.15	0.05	0.01	0.03	0.03	0.02	0.02	0.02	0.01	0.02	0.01	0.01	0.00	0.00	0.01	0.00	0.00	0.00	0.01	0.00	0.01	0.00	0.00	0.00	0.00	0.00	0.00	0.00	0.00	0.00	0.00	0.00	0.00	0.00	0.00	0.00	0.00	0.00	0.00	0.00	0.00	0.00	0.00	0.00	0.00	0.00	0.00	0.00	0.00	0.00	0.00	0.00	0.00	0.00	0.00	0.00
26.04.2023 12:14:00	600.00	0.45	0.51	0.60	0.68	0.72	464.59	12.56	0.06	14.52	0.24	0.07	0.04	0.20	0.20	0.23	0.27	0.28	14515925.07	0.00	24.00	1002.62	19.54	6.33	0.04	1.38	25.00	->	0.58	2.31	3.11	2.37	2.00	2.11	1.30	0.35	0.15	0.05	0.01	0.03	0.03	0.02	0.01	0.02	0.01	0.01	0.01	0.01	0.00	0.00	0.00	0.00	0.00	0.00	0.02	0.00	0.01	0.00	0.00	0.00	0.00	0.00	0.00	0.00	0.00	0.00	0.00	0.00	0.00	0.00	0.00	0.00	0.00	0.00	0.00	0.00	0.00	0.00	0.00	0.00	0.00	0.00	0.00	0.00	0.00	0.00	0.00	0.00	0.00	0.00	0.00	0.00
26.04.2023 12:15:00	600.00	0.46	0.52	0.61	0.68	0.72	466.85	13.54	0.06	14.87	0.24	0.07	0.04	0.20	0.20	0.23	0.27	0.28	14874580.82	0.00	24.02	1002.62	19.55	6.24	0.04	1.38	25.00	->	0.63	2.36	3.12	2.42	2.08	2.18	1.32	0.36	0.16	0.06	0.02	0.03	0.03	0.02	0.01	0.02	0.01	0.01	0.01	0.00	0.00	0.00	0.00	0.00	0.00	0.00	0.02	0.00	0.01	0.00	0.00	0.00	0.00	0.00	0.00	0.00	0.00	0.00	0.00	0.00	0.00	0.00	0.00	0.00	0.00	0.00	0.00	0.00	0.00	0.00	0.00	0.00	0.00	0.00	0.00	0.00	0.00	0.00	0.00	0.00	0.00	0.00	0.00	0.00
26.04.2023 12:16:00	600.00	0.48	0.53	0.62	0.70	0.74	469.24	14.52	0.07	15.23	0.24	0.07	0.04	0.20	0.20	0.23	0.27	0.28	15226110.96	0.00	24.05	1002.61	19.57	6.13	0.05	1.38	25.00	->	0.64	2.43	3.16	2.44	2.13	2.19	1.42	0.40	0.15	0.06	0.02	0.03	0.03	0.02	0.01	0.02	0.01	0.01	0.01	0.00	0.00	0.00	0.00	0.00	0.01	0.00	0.02	0.00	0.01	0.00	0.00	0.00	0.00	0.00	0.00	0.00	0.00	0.00	0.00	0.00	0.00	0.00	0.00	0.00	0.00	0.00	0.00	0.00	0.00	0.00	0.00	0.00	0.00	0.00	0.00	0.00	0.00	0.00	0.00	0.00	0.00	0.00	0.00	0.00
26.04.2023 12:17:00	600.00	0.48	0.55	0.64	0.71	0.75	471.39	15.62	0.07	15.41	0.24	0.07	0.04	0.20	0.20	0.23	0.27	0.28	15414807.71	0.00	24.08	1002.61	19.58	6.04	0.05	1.38	25.00	->	0.63	2.49	3.19	2.49	2.22	2.17	1.41	0.40	0.15	0.05	0.02	0.03	0.04	0.02	0.01	0.02	0.00	0.01	0.01	0.01	0.00	0.00	0.00	0.00	0.01	0.00	0.02	0.00	0.01	0.00	0.00	0.00	0.00	0.00	0.00	0.00	0.00	0.00	0.00	0.00	0.00	0.00	0.00	0.00	0.00	0.00	0.00	0.00	0.00	0.00	0.00	0.00	0.00	0.00	0.00	0.00	0.00	0.00	0.00	0.00	0.00	0.00	0.00	0.00
26.04.2023 12:18:00	600.00	0.48	0.55	0.64	0.72	0.76	471.50	16.62	0.08	15.43	0.24	0.07	0.04	0.20	0.20	0.23	0.27	0.28	15434073.25	0.00	24.11	1002.60	19.58	6.00	0.06	1.38	25.00	->	0.66	2.55	3.12	2.50	2.26	2.16	1.42	0.39	0.12	0.05	0.02	0.03	0.03	0.01	0.01	0.02	0.00	0.02	0.01	0.01	0.00	0.00	0.00	0.00	0.01	0.01	0.02	0.00	0.01	0.00	0.00	0.00	0.00	0.00	0.00	0.00	0.00	0.00	0.00	0.00	0.00	0.00	0.00	0.00	0.00	0.00	0.00	0.00	0.00	0.00	0.00	0.00	0.00	0.00	0.00	0.00	0.00	0.00	0.00	0.00	0.00	0.00	0.00	0.00
26.04.2023 12:19:00	600.00	0.48	0.54	0.63	0.70	0.74	470.68	17.05	0.08	15.59	0.24	0.07	0.04	0.20	0.20	0.23	0.27	0.28	15590044.97	0.00	24.14	1002.58	19.57	5.94	0.06	1.38	25.00	->	0.69	2.61	3.09	2.47	2.40	2.15	1.43	0.37	0.13	0.05	0.02	0.03	0.04	0.01	0.01	0.01	0.00	0.02	0.00	0.00	0.00	0.00	0.00	0.00	0.01	0.01	0.02	0.00	0.00	0.00	0.00	0.00	0.00	0.00	0.00	0.00	0.00	0.00	0.00	0.00	0.00	0.00	0.00	0.00	0.00	0.00	0.00	0.00	0.00	0.00	0.00	0.00	0.00	0.00	0.00	0.00	0.00	0.00	0.00	0.00	0.00	0.00	0.00	0.00
26.04.2023 12:20:00	600.00	0.48	0.55	0.62	0.90	1.08	469.52	17.69	0.08	15.49	0.24	0.08	0.11	0.20	0.20	0.23	0.27	0.28	15486063.85	0.00	24.17	1002.57	19.56	5.84	0.05	1.38	25.00	->	0.69	2.61	3.10	2.47	2.38	2.14	1.37	0.36	0.11	0.05	0.02	0.02	0.04	0.01	0.01	0.01	0.01	0.02	0.01	0.00	0.00	0.00	0.00	0.00	0.01	0.01	0.02	0.00	0.00	0.00	0.00	0.00	0.00	0.00	0.00	0.00	0.00	0.00	0.00	0.00	0.00	0.00	0.00	0.00	0.00	0.00	0.00	0.00	0.00	0.00	0.00	0.00	0.00	0.00	0.00	0.00	0.00	0.00	0.00	0.00	0.00	0.00	0.00	0.00
26.04.2023 12:21:00	600.00	0.48	0.57	0.63	1.10	1.39	468.07	18.39	0.08	15.78	0.24	0.08	0.17	0.20	0.20	0.23	0.27	0.28	15780589.10	0.00	24.20	1002.56	19.55	5.74	0.05	1.38	25.00	->	0.67	2.69	3.11	2.58	2.39	2.16	1.42	0.38	0.13	0.06	0.02	0.02	0.04	0.01	0.01	0.01	0.00	0.02	0.01	0.00	0.00	0.00	0.00	0.00	0.01	0.01	0.02	0.00	0.00	0.00	0.00	0.00	0.00	0.00	0.00	0.00	0.00	0.00	0.00	0.00	0.00	0.00	0.00	0.00	0.00	0.00	0.00	0.00	0.00	0.00	0.00	0.00	0.00	0.00	0.00	0.00	0.00	0.00	0.00	0.00	0.00	0.00	0.00	0.00
26.04.2023 12:22:00	600.00	0.49	0.57	0.63	1.10	1.40	466.92	18.98	0.09	15.94	0.24	0.08	0.17	0.20	0.20	0.23	0.27	0.28	15935241.27	0.00	24.23	1002.55	19.53	5.64	0.05	1.38	25.00	->	0.66	2.72	3.13	2.62	2.43	2.20	1.39	0.41	0.13	0.06	0.02	0.02	0.03	0.01	0.01	0.00	0.00	0.01	0.01	0.00	0.00	0.01	0.00	0.00	0.01	0.01	0.02	0.00	0.00	0.00	0.00	0.00	0.00	0.00	0.00	0.00	0.00	0.00	0.00	0.00	0.00	0.00	0.00	0.00	0.00	0.00	0.00	0.00	0.00	0.00	0.00	0.00	0.00	0.00	0.00	0.00	0.00	0.00	0.00	0.00	0.00	0.00	0.00	0.00
26.04.2023 12:23:00	600.00	0.50	0.56	0.56	0.95	1.20	465.57	20.14	0.09	16.25	0.24	0.08	0.15	0.20	0.20	0.23	0.27	0.28	16246128.98	0.00	24.26	1002.54	19.51	5.53	0.04	1.38	25.00	->	0.68	2.79	3.24	2.66	2.46	2.21	1.42	0.40	0.12	0.05	0.03	0.02	0.03	0.02	0.02	0.00	0.00	0.01	0.01	0.00	0.00	0.01	0.01	0.00	0.01	0.01	0.01	0.00	0.00	0.00	0.00	0.00	0.00	0.00	0.00	0.00	0.00	0.00	0.00	0.00	0.00	0.00	0.00	0.00	0.00	0.00	0.00	0.00	0.00	0.00	0.00	0.00	0.00	0.00	0.00	0.00	0.00	0.00	0.00	0.00	0.00	0.00	0.00	0.00
26.04.2023 12:24:00	600.00	0.50	0.55	0.55	0.94	1.20	464.06	21.07	0.10	16.41	0.24	0.08	0.15	0.20	0.20	0.23	0.27	0.28	16410281.95	0.00	24.28	1002.53	19.49	5.33	0.04	1.38	25.00	->	0.71	2.88	3.29	2.68	2.45	2.23	1.38	0.40	0.11	0.06	0.04	0.02	0.03	0.02	0.04	0.01	0.00	0.01	0.01	0.00	0.00	0.01	0.01	0.00	0.01	0.01	0.00	0.00	0.00	0.00	0.00	0.00	0.00	0.00	0.00	0.00	0.00	0.00	0.00	0.00	0.00	0.00	0.00	0.00	0.00	0.00	0.00	0.00	0.00	0.00	0.00	0.00	0.00	0.00	0.00	0.00	0.00	0.00	0.00	0.00	0.00	0.00	0.00	0.00
26.04.2023 12:25:00	600.00	0.50	0.55	0.55	0.95	1.20	462.55	22.24	0.10	16.35	0.24	0.08	0.15	0.20	0.20	0.23	0.27	0.28	16347998.81	0.00	24.31	1002.52	19.47	5.13	0.04	1.38	25.00	->	0.69	2.97	3.19	2.61	2.44	2.26	1.41	0.39	0.10	0.05	0.04	0.03	0.04	0.02	0.04	0.01	0.00	0.01	0.01	0.00	0.00	0.01	0.01	0.00	0.01	0.01	0.00	0.00	0.00	0.00	0.00	0.00	0.00	0.00	0.00	0.00	0.00	0.00	0.00	0.00	0.00	0.00	0.00	0.00	0.00	0.00	0.00	0.00	0.00	0.00	0.00	0.00	0.00	0.00	0.00	0.00	0.00	0.00	0.00	0.00	0.00	0.00	0.00	0.00
26.04.2023 12:26:00	600.00	0.49	0.54	0.54	0.94	1.19	460.95	23.43	0.11	16.20	0.24	0.08	0.15	0.20	0.20	0.23	0.27	0.28	16204694.85	0.00	24.34	1002.51	19.46	4.93	0.03	1.38	25.00	->	0.70	2.93	3.16	2.58	2.47	2.22	1.36	0.38	0.11	0.05	0.04	0.02	0.04	0.02	0.03	0.02	0.00	0.01	0.01	0.00	0.00	0.01	0.01	0.00	0.01	0.01	0.00	0.00	0.00	0.00	0.00	0.00	0.00	0.00	0.00	0.00	0.00	0.00	0.00	0.00	0.00	0.00	0.00	0.00	0.00	0.00	0.00	0.00	0.00	0.00	0.00	0.00	0.00	0.00	0.00	0.00	0.00	0.00	0.00	0.00	0.00	0.00	0.00	0.00
26.04.2023 12:27:00	600.00	0.49	0.55	0.57	0.96	1.22	459.49	24.73	0.11	16.16	0.24	0.08	0.15	0.20	0.20	0.23	0.27	0.28	16162996.80	0.00	24.37	1002.50	19.44	4.73	0.03	1.37	25.00	->	0.73	2.88	3.14	2.58	2.41	2.20	1.44	0.38	0.13	0.05	0.04	0.02	0.03	0.02	0.03	0.02	0.00	0.01	0.01	0.00	0.00	0.01	0.01	0.00	0.01	0.01	0.00	0.00	0.00	0.00	0.00	0.00	0.00	0.00	0.00	0.00	0.00	0.00	0.00	0.00	0.00	0.00	0.00	0.00	0.00	0.00	0.00	0.00	0.00	0.00	0.00	0.00	0.00	0.00	0.00	0.00	0.00	0.00	0.00	0.00	0.00	0.00	0.00	0.00
26.04.2023 12:28:00	600.00	0.49	0.56	0.60	0.99	1.25	458.08	26.12	0.12	16.21	0.24	0.08	0.15	0.20	0.20	0.23	0.27	0.28	16206278.30	0.00	24.39	1002.50	19.43	4.59	0.02	1.37	25.00	->	0.70	2.81	3.12	2.62	2.47	2.23	1.43	0.40	0.14	0.06	0.04	0.02	0.04	0.02	0.03	0.02	0.01	0.00	0.01	0.00	0.00	0.01	0.01	0.00	0.00	0.00	0.00	0.00	0.00	0.00	0.00	0.00	0.00	0.00	0.01	0.00	0.00	0.00	0.00	0.00	0.00	0.00	0.00	0.00	0.00	0.00	0.00	0.00	0.00	0.00	0.00	0.00	0.00	0.00	0.00	0.00	0.00	0.00	0.00	0.00	0.00	0.00	0.00	0.00
26.04.2023 12:29:00	600.00	0.50	0.57	0.61	1.00	1.26	456.74	27.17	0.12	16.28	0.24	0.08	0.15	0.20	0.20	0.23	0.27	0.28	16280965.22	0.00	24.41	1002.50	19.41	4.55	0.02	1.37	25.00	->	0.70	2.84	3.13	2.67	2.41	2.25	1.44	0.41	0.14	0.06	0.04	0.03	0.04	0.02	0.03	0.02	0.01	0.01	0.01	0.00	0.00	0.01	0.01	0.00	0.00	0.00	0.00	0.00	0.00	0.00	0.00	0.00	0.00	0.00	0.01	0.00	0.00	0.00	0.00	0.00	0.00	0.00	0.00	0.00	0.00	0.00	0.00	0.00	0.00	0.00	0.00	0.00	0.00	0.00	0.00	0.00	0.00	0.00	0.00	0.00	0.00	0.00	0.00	0.00
26.04.2023 12:30:00	600.00	0.51	0.56	0.61	0.80	0.92	455.48	27.92	0.13	16.70	0.24	0.07	0.08	0.20	0.20	0.23	0.27	0.28	16695834.12	0.00	24.43	1002.50	19.39	4.55	0.02	1.37	25.00	->	0.70	2.99	3.23	2.70	2.47	2.28	1.46	0.43	0.14	0.06	0.04	0.03	0.04	0.02	0.03	0.02	0.00	0.00	0.01	0.00	0.00	0.01	0.01	0.00	0.00	0.00	0.00	0.00	0.00	0.00	0.00	0.00	0.00	0.00	0.01	0.00	0.00	0.00	0.00	0.00	0.00	0.00	0.00	0.00	0.00	0.00	0.00	0.00	0.00	0.00	0.00	0.00	0.00	0.00	0.00	0.00	0.00	0.00	0.00	0.00	0.00	0.00	0.00	0.00
26.04.2023 12:31:00	600.00	0.50	0.55	0.61	0.61	0.62	454.36	28.33	0.13	16.58	0.24	0.06	0.02	0.20	0.20	0.23	0.27	0.28	16580768.72	0.00	24.45	1002.50	19.37	4.55	0.01	1.37	25.00	->	0.71	3.00	3.30	2.61	2.45	2.24	1.38	0.45	0.12	0.06	0.03	0.04	0.05	0.02	0.03	0.02	0.00	0.00	0.01	0.00	0.00	0.01	0.01	0.00	0.00	0.00	0.00	0.00	0.00	0.00	0.00	0.00	0.00	0.00	0.01	0.00	0.00	0.00	0.00	0.00	0.00	0.00	0.00	0.00	0.00	0.00	0.00	0.00	0.00	0.00	0.00	0.00	0.00	0.00	0.00	0.00	0.00	0.00	0.00	0.00	0.00	0.00	0.00	0.00
26.04.2023 12:32:00	600.00	0.51	0.55	0.62	0.62	0.62	453.27	28.94	0.13	16.75	0.24	0.06	0.02	0.20	0.20	0.23	0.27	0.28	16752047.30	0.00	24.48	1002.50	19.35	4.55	0.01	1.37	25.00	->	0.74	3.01	3.33	2.63	2.48	2.21	1.43	0.46	0.12	0.06	0.04	0.04	0.05	0.03	0.03	0.02	0.00	0.00	0.01	0.00	0.00	0.00	0.01	0.00	0.00	0.00	0.00	0.00	0.00	0.00	0.00	0.00	0.00	0.00	0.01	0.00	0.00	0.00	0.00	0.00	0.00	0.00	0.00	0.00	0.00	0.00	0.00	0.00	0.00	0.00	0.00	0.00	0.00	0.00	0.00	0.00	0.00	0.00	0.00	0.00	0.00	0.00	0.00	0.00
26.04.2023 12:33:00	600.00	0.50	0.54	0.61	0.61	0.61	452.22	28.92	0.13	16.77	0.24	0.06	0.02	0.20	0.20	0.23	0.27	0.28	16773951.99	0.00	24.50	1002.50	19.32	4.56	0.01	1.37	25.00	->	0.78	2.99	3.29	2.66	2.51	2.20	1.43	0.46	0.13	0.07	0.04	0.04	0.04	0.02	0.03	0.02	0.01	0.00	0.01	0.00	0.00	0.00	0.01	0.00	0.00	0.00	0.00	0.00	0.00	0.00	0.00	0.00	0.00	0.00	0.01	0.00	0.00	0.00	0.00	0.00	0.00	0.00	0.00	0.00	0.00	0.00	0.00	0.00	0.00	0.00	0.00	0.00	0.00	0.00	0.00	0.00	0.00	0.00	0.00	0.00	0.00	0.00	0.00	0.00
26.04.2023 12:34:00	600.00	0.50	0.54	0.61	0.61	0.61	451.26	28.87	0.13	16.91	0.24	0.06	0.02	0.20	0.20	0.23	0.27	0.28	16908282.96	0.00	24.52	1002.50	19.29	4.66	0.01	1.37	25.00	->	0.80	3.07	3.28	2.66	2.48	2.22	1.46	0.49	0.14	0.07	0.04	0.03	0.04	0.04	0.01	0.01	0.01	0.01	0.01	0.00	0.00	0.00	0.01	0.00	0.00	0.00	0.00	0.00	0.00	0.00	0.00	0.00	0.00	0.00	0.01	0.00	0.00	0.00	0.00	0.00	0.00	0.00	0.00	0.00	0.00	0.00	0.00	0.00	0.00	0.00	0.00	0.00	0.00	0.00	0.00	0.00	0.00	0.00	0.00	0.00	0.00	0.00	0.00	0.00
26.04.2023 12:35:00	600.00	0.50	0.54	0.61	0.60	0.61	450.64	28.41	0.13	16.86	0.24	0.06	0.02	0.20	0.20	0.23	0.27	0.28	16855236.77	0.00	24.54	1002.49	19.26	4.85	0.01	1.37	25.00	->	0.78	3.05	3.40	2.66	2.43	2.21	1.41	0.48	0.13	0.07	0.03	0.04	0.04	0.05	0.01	0.02	0.01	0.01	0.01	0.00	0.00	0.00	0.01	0.00	0.00	0.00	0.00	0.00	0.00	0.00	0.00	0.00	0.00	0.00	0.01	0.00	0.00	0.00	0.00	0.00	0.00	0.00	0.00	0.00	0.00	0.00	0.00	0.00	0.00	0.00	0.00	0.00	0.00	0.00	0.00	0.00	0.00	0.00	0.00	0.00	0.00	0.00	0.00	0.00
26.04.2023 12:36:00	600.00	0.51	0.54	0.61	0.61	0.61	450.13	27.91	0.13	17.02	0.24	0.06	0.02	0.20	0.20	0.23	0.27	0.28	17018597.98	0.00	24.56	1002.49	19.22	5.05	0.00	1.37	25.00	->	0.77	3.06	3.40	2.74	2.43	2.24	1.47	0.49	0.12	0.06	0.03	0.04	0.03	0.05	0.01	0.02	0.01	0.01	0.01	0.00	0.00	0.00	0.01	0.00	0.00	0.00	0.00	0.00	0.00	0.00	0.00	0.00	0.00	0.00	0.01	0.00	0.00	0.00	0.00	0.00	0.00	0.00	0.00	0.00	0.00	0.00	0.00	0.00	0.00	0.00	0.00	0.00	0.00	0.00	0.00	0.00	0.00	0.00	0.00	0.00	0.00	0.00	0.00	0.00
26.04.2023 12:37:00	600.00	0.51	0.53	0.58	0.58	0.58	449.56	27.30	0.12	16.96	0.24	0.06	0.02	0.20	0.20	0.23	0.27	0.28	16958954.00	0.00	24.57	1002.49	19.19	5.25	0.00	1.37	25.00	->	0.77	3.10	3.36	2.74	2.47	2.24	1.38	0.48	0.10	0.06	0.03	0.04	0.03	0.05	0.01	0.02	0.02	0.01	0.01	0.00	0.00	0.00	0.01	0.00	0.00	0.00	0.00	0.00	0.00	0.00	0.00	0.00	0.00	0.00	0.00	0.00	0.00	0.00	0.00	0.00	0.00	0.00	0.00	0.00	0.00	0.00	0.00	0.00	0.00	0.00	0.00	0.00	0.00	0.00	0.00	0.00	0.00	0.00	0.00	0.00	0.00	0.00	0.00	0.00
26.04.2023 12:38:00	600.00	0.50	0.53	0.61	0.62	0.63	449.17	26.49	0.12	16.92	0.24	0.06	0.02	0.20	0.20	0.23	0.27	0.28	16921214.66	0.00	24.58	1002.48	19.15	5.39	0.00	1.37	25.00	->	0.78	3.13	3.41	2.70	2.41	2.21	1.42	0.45	0.11	0.05	0.04	0.04	0.03	0.05	0.01	0.02	0.01	0.01	0.01	0.00	0.00	0.00	0.01	0.00	0.00	0.00	0.00	0.00	0.00	0.00	0.00	0.00	0.00	0.00	0.00	0.00	0.00	0.00	0.00	0.00	0.00	0.00	0.00	0.00	0.00	0.00	0.00	0.00	0.00	0.00	0.00	0.00	0.00	0.00	0.00	0.00	0.00	0.00	0.00	0.00	0.00	0.00	0.00	0.00
26.04.2023 12:39:00	600.00	0.49	0.52	0.60	0.61	0.62	448.95	25.67	0.12	16.78	0.24	0.06	0.02	0.20	0.20	0.23	0.27	0.28	16777646.81	0.00	24.60	1002.48	19.11	5.49	0.00	1.37	25.00	->	0.75	3.09	3.40	2.75	2.37	2.17	1.43	0.44	0.10	0.05	0.04	0.03	0.02	0.05	0.01	0.02	0.02	0.01	0.01	0.00	0.00	0.00	0.00	0.00	0.00	0.00	0.00	0.00	0.00	0.00	0.00	0.00	0.00	0.00	0.00	0.00	0.00	0.00	0.00	0.00	0.00	0.00	0.00	0.00	0.00	0.00	0.00	0.00	0.00	0.00	0.00	0.00	0.00	0.00	0.00	0.00	0.00	0.00	0.00	0.00	0.00	0.00	0.00	0.00
26.04.2023 12:40:00	600.00	0.50	0.54	0.62	0.62	0.63	448.63	24.62	0.11	16.84	0.24	0.06	0.02	0.20	0.20	0.23	0.27	0.28	16839666.03	0.00	24.62	1002.49	19.07	5.59	0.00	1.37	25.00	->	0.78	3.05	3.48	2.79	2.33	2.15	1.42	0.45	0.10	0.04	0.05	0.03	0.02	0.05	0.01	0.03	0.02	0.01	0.01	0.00	0.00	0.00	0.00	0.00	0.00	0.00	0.01	0.00	0.00	0.00	0.00	0.00	0.00	0.00	0.00	0.00	0.00	0.00	0.00	0.00	0.00	0.00	0.00	0.00	0.00	0.00	0.00	0.00	0.00	0.00	0.00	0.00	0.00	0.00	0.00	0.00	0.00	0.00	0.00	0.00	0.00	0.00	0.00	0.00
26.04.2023 12:41:00	600.00	0.51	0.54	0.62	0.63	0.64	448.20	23.94	0.11	17.05	0.24	0.06	0.02	0.20	0.20	0.23	0.27	0.28	17053962.16	0.00	24.64	1002.48	19.04	5.69	0.00	1.37	25.00	->	0.78	3.02	3.48	2.87	2.34	2.22	1.50	0.44	0.12	0.04	0.04	0.02	0.01	0.05	0.01	0.03	0.02	0.01	0.01	0.00	0.00	0.00	0.00	0.00	0.01	0.00	0.00	0.00	0.00	0.00	0.00	0.00	0.00	0.00	0.00	0.00	0.00	0.00	0.00	0.00	0.00	0.00	0.00	0.00	0.00	0.00	0.00	0.00	0.00	0.00	0.00	0.00	0.00	0.00	0.00	0.00	0.00	0.00	0.00	0.00	0.00	0.00	0.00	0.00
26.04.2023 12:42:00	600.00	0.51	0.55	0.63	0.63	0.65	447.69	22.75	0.10	17.12	0.24	0.06	0.02	0.20	0.20	0.23	0.27	0.28	17115717.45	0.00	24.66	1002.48	19.01	5.79	0.00	1.36	25.00	->	0.79	3.04	3.57	2.84	2.32	2.24	1.51	0.42	0.13	0.03	0.04	0.02	0.01	0.04	0.01	0.03	0.02	0.01	0.01	0.00	0.00	0.00	0.00	0.00	0.01	0.00	0.00	0.00	0.00	0.00	0.00	0.00	0.00	0.00	0.00	0.00	0.00	0.00	0.00	0.00	0.00	0.00	0.00	0.00	0.00	0.00	0.00	0.00	0.00	0.00	0.00	0.00	0.00	0.00	0.00	0.00	0.00	0.00	0.00	0.00	0.00	0.00	0.00	0.00
26.04.2023 12:43:00	600.00	0.51	0.55	0.63	0.64	0.65	447.47	22.13	0.10	17.16	0.24	0.06	0.02	0.20	0.20	0.23	0.27	0.28	17162957.61	0.00	24.68	1002.48	18.98	5.89	0.00	1.36	25.00	->	0.79	3.05	3.57	2.82	2.26	2.30	1.52	0.44	0.14	0.03	0.04	0.02	0.01	0.04	0.01	0.03	0.01	0.01	0.01	0.00	0.00	0.00	0.00	0.00	0.01	0.00	0.00	0.00	0.00	0.00	0.00	0.00	0.00	0.00	0.00	0.00	0.00	0.00	0.00	0.00	0.00	0.00	0.00	0.00	0.00	0.00	0.00	0.00	0.00	0.00	0.00	0.00	0.00	0.00	0.00	0.00	0.00	0.00	0.00	0.00	0.00	0.00	0.00	0.00
26.04.2023 12:44:00	600.00	0.51	0.55	0.64	0.64	0.65	447.35	21.47	0.10	17.10	0.24	0.06	0.02	0.20	0.20	0.23	0.27	0.28	17101466.22	0.00	24.70	1002.49	18.96	5.99	0.00	1.36	25.00	->	0.80	2.98	3.55	2.80	2.36	2.24	1.54	0.43	0.13	0.04	0.04	0.03	0.01	0.03	0.02	0.04	0.01	0.01	0.01	0.00	0.00	0.00	0.00	0.00	0.01	0.00	0.00	0.00	0.00	0.00	0.00	0.00	0.00	0.00	0.00	0.00	0.00	0.00	0.00	0.00	0.00	0.00	0.00	0.00	0.00	0.00	0.00	0.00	0.00	0.00	0.00	0.00	0.00	0.00	0.00	0.00	0.00	0.00	0.00	0.00	0.00	0.00	0.00	0.00
26.04.2023 12:45:00	600.00	0.50	0.55	0.63	0.63	0.64	447.18	21.09	0.10	16.78	0.24	0.06	0.02	0.20	0.20	0.23	0.27	0.28	16783716.75	0.00	24.72	1002.51	18.94	6.00	0.00	1.36	25.00	->	0.81	2.85	3.47	2.75	2.40	2.16	1.51	0.44	0.14	0.04	0.04	0.02	0.01	0.02	0.02	0.03	0.02	0.01	0.01	0.00	0.00	0.00	0.00	0.00	0.01	0.00	0.00	0.00	0.00	0.00	0.00	0.00	0.00	0.00	0.00	0.00	0.00	0.00	0.00	0.00	0.00	0.00	0.00	0.00	0.00	0.00	0.00	0.00	0.00	0.00	0.00	0.00	0.00	0.00	0.00	0.00	0.00	0.00	0.00	0.00	0.00	0.00	0.00	0.00
26.04.2023 12:46:00	600.00	0.50	0.54	0.63	0.63	0.64	447.12	20.73	0.09	16.60	0.24	0.06	0.02	0.20	0.20	0.23	0.27	0.28	16597923.06	0.00	24.73	1002.52	18.92	6.00	0.00	1.36	25.00	->	0.79	2.81	3.47	2.70	2.42	2.12	1.44	0.42	0.16	0.05	0.04	0.02	0.01	0.03	0.02	0.02	0.02	0.01	0.01	0.00	0.00	0.00	0.00	0.00	0.01	0.00	0.00	0.00	0.00	0.00	0.00	0.00	0.00	0.00	0.00	0.00	0.00	0.00	0.00	0.00	0.00	0.00	0.00	0.00	0.00	0.00	0.00	0.00	0.00	0.00	0.00	0.00	0.00	0.00	0.00	0.00	0.00	0.00	0.00	0.00	0.00	0.00	0.00	0.00
26.04.2023 12:47:00	600.00	0.50	0.54	0.62	0.62	0.63	447.30	20.42	0.09	16.48	0.24	0.06	0.02	0.20	0.20	0.23	0.27	0.28	16475204.22	0.00	24.75	1002.53	18.90	6.00	0.00	1.37	25.00	->	0.73	2.74	3.44	2.71	2.41	2.13	1.45	0.44	0.17	0.05	0.03	0.03	0.02	0.02	0.02	0.02	0.01	0.01	0.01	0.00	0.00	0.00	0.00	0.00	0.00	0.00	0.00	0.00	0.00	0.00	0.00	0.00	0.00	0.00	0.00	0.00	0.00	0.00	0.00	0.00	0.00	0.00	0.00	0.00	0.00	0.00	0.00	0.00	0.00	0.00	0.00	0.00	0.00	0.00	0.00	0.00	0.00	0.00	0.00	0.00	0.00	0.00	0.00	0.00
26.04.2023 12:48:00	600.00	0.49	0.51	0.54	0.54	0.54	447.60	20.09	0.09	16.38	0.24	0.06	0.02	0.20	0.20	0.23	0.27	0.28	16378348.69	0.00	24.77	1002.54	18.88	6.08	0.00	1.37	25.00	->	0.72	2.73	3.42	2.71	2.43	2.10	1.42	0.44	0.16	0.06	0.03	0.03	0.01	0.02	0.02	0.03	0.01	0.01	0.01	0.00	0.00	0.00	0.00	0.00	0.00	0.00	0.00	0.00	0.00	0.00	0.00	0.00	0.00	0.00	0.00	0.00	0.00	0.00	0.00	0.00	0.00	0.00	0.00	0.00	0.00	0.00	0.00	0.00	0.00	0.00	0.00	0.00	0.00	0.00	0.00	0.00	0.00	0.00	0.00	0.00	0.00	0.00	0.00	0.00
26.04.2023 12:49:00	600.00	0.49	0.51	0.54	0.54	0.54	447.85	19.76	0.09	16.33	0.24	0.06	0.02	0.20	0.20	0.23	0.27	0.28	16334275.46	0.00	24.78	1002.54	18.87	6.18	0.00	1.37	25.00	->	0.74	2.69	3.40	2.68	2.47	2.10	1.40	0.43	0.16	0.06	0.03	0.03	0.02	0.03	0.02	0.02	0.01	0.00	0.01	0.00	0.00	0.00	0.00	0.00	0.00	0.00	0.00	0.00	0.00	0.00	0.00	0.00	0.00	0.00	0.00	0.00	0.00	0.00	0.00	0.00	0.00	0.00	0.00	0.00	0.00	0.00	0.00	0.00	0.00	0.00	0.00	0.00	0.00	0.00	0.00	0.00	0.00	0.00	0.00	0.00	0.00	0.00	0.00	0.00
26.04.2023 12:50:00	600.00	0.49	0.50	0.53	0.53	0.53	448.15	19.73	0.09	16.34	0.24	0.06	0.02	0.20	0.20	0.23	0.27	0.28	16339817.59	0.00	24.79	1002.55	18.86	6.28	0.01	1.37	25.00	->	0.74	2.67	3.33	2.67	2.57	2.07	1.47	0.43	0.16	0.06	0.03	0.03	0.02	0.03	0.01	0.02	0.01	0.00	0.01	0.00	0.00	0.00	0.00	0.00	0.00	0.00	0.00	0.00	0.00	0.00	0.00	0.00	0.00	0.00	0.00	0.00	0.00	0.00	0.00	0.00	0.00	0.00	0.00	0.00	0.00	0.00	0.00	0.00	0.00	0.00	0.00	0.00	0.00	0.00	0.00	0.00	0.00	0.00	0.00	0.00	0.00	0.00	0.00	0.00
26.04.2023 12:51:00	600.00	0.49	0.51	0.53	0.53	0.53	448.55	19.66	0.09	16.40	0.24	0.06	0.02	0.20	0.20	0.23	0.27	0.28	16401045.07	0.00	24.81	1002.56	18.85	6.38	0.01	1.37	25.00	->	0.77	2.68	3.37	2.69	2.61	2.02	1.46	0.41	0.15	0.06	0.03	0.02	0.02	0.04	0.02	0.01	0.01	0.00	0.01	0.01	0.00	0.00	0.00	0.00	0.00	0.00	0.00	0.00	0.00	0.00	0.00	0.00	0.00	0.00	0.00	0.00	0.00	0.00	0.00	0.00	0.00	0.00	0.00	0.00	0.00	0.00	0.00	0.00	0.00	0.00	0.00	0.00	0.00	0.00	0.00	0.00	0.00	0.00	0.00	0.00	0.00	0.00	0.00	0.00
26.04.2023 12:52:00	600.00	0.49	0.50	0.52	0.52	0.52	449.11	19.73	0.09	16.37	0.24	0.06	0.02	0.20	0.20	0.23	0.27	0.28	16367000.50	0.00	24.83	1002.57	18.84	6.48	0.01	1.37	25.00	->	0.76	2.74	3.37	2.72	2.56	1.99	1.43	0.41	0.14	0.06	0.03	0.02	0.03	0.04	0.02	0.01	0.01	0.00	0.00	0.01	0.00	0.00	0.00	0.00	0.00	0.00	0.00	0.00	0.00	0.00	0.00	0.00	0.00	0.00	0.00	0.00	0.00	0.00	0.00	0.00	0.00	0.00	0.00	0.00	0.00	0.00	0.00	0.00	0.00	0.00	0.00	0.00	0.00	0.00	0.00	0.00	0.00	0.00	0.00	0.00	0.00	0.00	0.00	0.00
26.04.2023 12:53:00	600.00	0.49	0.50	0.53	0.53	0.53	449.80	19.95	0.09	16.24	0.24	0.06	0.02	0.20	0.20	0.23	0.27	0.28	16241378.61	0.00	24.84	1002.58	18.83	6.58	0.01	1.37	25.00	->	0.73	2.70	3.38	2.72	2.54	1.96	1.43	0.39	0.13	0.07	0.03	0.02	0.03	0.03	0.02	0.01	0.01	0.00	0.00	0.01	0.00	0.00	0.00	0.00	0.00	0.00	0.00	0.00	0.00	0.00	0.00	0.00	0.00	0.00	0.00	0.00	0.00	0.00	0.00	0.00	0.00	0.00	0.00	0.00	0.00	0.00	0.00	0.00	0.00	0.00	0.00	0.00	0.00	0.00	0.00	0.00	0.00	0.00	0.00	0.00	0.00	0.00	0.00	0.00
26.04.2023 12:54:00	600.00	0.48	0.49	0.52	0.52	0.52	450.66	20.10	0.09	16.14	0.24	0.06	0.02	0.20	0.20	0.23	0.27	0.28	16137397.47	0.00	24.85	1002.58	18.82	6.68	0.01	1.37	25.00	->	0.68	2.70	3.37	2.77	2.46	1.96	1.44	0.40	0.13	0.05	0.03	0.01	0.03	0.03	0.02	0.01	0.01	0.00	0.00	0.01	0.00	0.00	0.00	0.00	0.00	0.00	0.00	0.00	0.00	0.00	0.00	0.00	0.00	0.00	0.00	0.00	0.00	0.00	0.00	0.00	0.00	0.00	0.00	0.00	0.00	0.00	0.00	0.00	0.00	0.00	0.00	0.00	0.00	0.00	0.00	0.00	0.00	0.00	0.00	0.00	0.00	0.00	0.00	0.00
26.04.2023 12:55:00	600.00	0.48	0.50	0.52	0.52	0.52	451.29	20.52	0.09	16.38	0.24	0.06	0.02	0.20	0.20	0.23	0.27	0.28	16377029.11	0.00	24.86	1002.58	18.82	6.78	0.01	1.36	25.00	->	0.69	2.79	3.43	2.85	2.44	2.00	1.43	0.40	0.13	0.04	0.04	0.01	0.03	0.03	0.02	0.01	0.01	0.00	0.00	0.01	0.00	0.00	0.00	0.00	0.00	0.00	0.00	0.00	0.00	0.00	0.00	0.00	0.00	0.00	0.00	0.00	0.00	0.00	0.00	0.00	0.00	0.00	0.00	0.00	0.00	0.00	0.00	0.00	0.00	0.00	0.00	0.00	0.00	0.00	0.00	0.00	0.00	0.00	0.00	0.00	0.00	0.00	0.00	0.00
26.04.2023 12:56:00	600.00	0.49	0.51	0.53	0.53	0.53	451.76	21.18	0.10	16.57	0.24	0.06	0.02	0.20	0.20	0.23	0.27	0.28	16567045.37	0.00	24.87	1002.58	18.81	6.88	0.01	1.36	25.00	->	0.71	2.82	3.47	2.89	2.43	2.05	1.45	0.39	0.11	0.04	0.04	0.02	0.04	0.03	0.02	0.01	0.01	0.00	0.00	0.01	0.00	0.00	0.00	0.00	0.00	0.00	0.00	0.00	0.00	0.00	0.00	0.00	0.00	0.00	0.00	0.00	0.00	0.00	0.00	0.00	0.00	0.00	0.00	0.00	0.00	0.00	0.00	0.00	0.00	0.00	0.00	0.00	0.00	0.00	0.00	0.00	0.00	0.00	0.00	0.00	0.00	0.00	0.00	0.00
26.04.2023 12:57:00	600.00	0.50	0.51	0.54	0.54	0.54	452.20	21.94	0.10	16.80	0.24	0.06	0.02	0.20	0.20	0.23	0.27	0.28	16802982.28	0.00	24.88	1002.58	18.80	6.98	0.01	1.35	25.00	->	0.76	2.87	3.49	2.90	2.49	2.11	1.47	0.37	0.10	0.04	0.04	0.02	0.04	0.03	0.01	0.02	0.01	0.00	0.00	0.01	0.00	0.00	0.00	0.00	0.00	0.00	0.00	0.00	0.00	0.00	0.00	0.00	0.00	0.00	0.00	0.00	0.00	0.00	0.00	0.00	0.00	0.00	0.00	0.00	0.00	0.00	0.00	0.00	0.00	0.00	0.00	0.00	0.00	0.00	0.00	0.00	0.00	0.00	0.00	0.00	0.00	0.00	0.00	0.00
26.04.2023 12:58:00	600.00	0.50	0.51	0.54	0.54	0.54	452.61	22.97	0.10	16.85	0.24	0.06	0.02	0.20	0.20	0.23	0.27	0.28	16854445.03	0.00	24.90	1002.59	18.78	7.00	0.01	1.35	25.00	->	0.77	2.88	3.48	2.92	2.47	2.13	1.49	0.38	0.10	0.03	0.04	0.02	0.04	0.03	0.02	0.02	0.01	0.00	0.00	0.00	0.00	0.00	0.00	0.00	0.00	0.00	0.00	0.00	0.00	0.00	0.00	0.00	0.00	0.00	0.00	0.00	0.00	0.00	0.00	0.00	0.00	0.00	0.00	0.00	0.00	0.00	0.00	0.00	0.00	0.00	0.00	0.00	0.00	0.00	0.00	0.00	0.00	0.00	0.00	0.00	0.00	0.00	0.00	0.00
26.04.2023 12:59:00	600.00	0.50	0.53	0.58	0.58	0.58	453.14	24.45	0.11	16.92	0.24	0.06	0.02	0.20	0.20	0.23	0.27	0.28	16917255.97	0.00	24.91	1002.59	18.77	7.09	0.01	1.35	25.00	->	0.77	2.91	3.54	2.91	2.44	2.18	1.40	0.39	0.11	0.03	0.04	0.03	0.04	0.02	0.02	0.02	0.01	0.00	0.00	0.00	0.00	0.01	0.00	0.00	0.00	0.00	0.00	0.00	0.00	0.00	0.00	0.00	0.00	0.00	0.00	0.00	0.00	0.00	0.00	0.00	0.00	0.00	0.00	0.00	0.00	0.00	0.00	0.00	0.00	0.00	0.00	0.00	0.00	0.00	0.00	0.00	0.00	0.00	0.00	0.00	0.00	0.00	0.00	0.00
26.04.2023 13:00:00	600.00	0.50	0.53	0.57	0.57	0.57	453.65	26.21	0.12	16.75	0.24	0.06	0.02	0.20	0.20	0.23	0.27	0.28	16750991.69	0.00	24.92	1002.59	18.76	7.19	0.02	1.34	25.00	->	0.77	2.92	3.48	2.93	2.34	2.21	1.34	0.39	0.12	0.04	0.03	0.03	0.04	0.02	0.03	0.02	0.01	0.00	0.00	0.00	0.00	0.01	0.00	0.00	0.00	0.00	0.00	0.00	0.00	0.00	0.00	0.00	0.00	0.00	0.00	0.00	0.00	0.00	0.00	0.00	0.00	0.00	0.00	0.00	0.00	0.00	0.00	0.00	0.00	0.00	0.00	0.00	0.00	0.00	0.00	0.00	0.00	0.00	0.00	0.00	0.00	0.00	0.00	0.00
26.04.2023 13:01:00	600.00	0.49	0.52	0.57	0.56	0.57	454.30	28.28	0.13	16.59	0.24	0.06	0.02	0.20	0.20	0.23	0.27	0.28	16593172.59	0.00	24.93	1002.59	18.74	7.29	0.02	1.34	25.00	->	0.72	2.96	3.42	2.84	2.33	2.25	1.31	0.40	0.11	0.05	0.03	0.03	0.04	0.01	0.03	0.02	0.00	0.00	0.00	0.00	0.00	0.01	0.00	0.00	0.00	0.00	0.00	0.00	0.00	0.00	0.00	0.00	0.00	0.00	0.00	0.00	0.00	0.00	0.00	0.00	0.00	0.00	0.00	0.00	0.00	0.00	0.00	0.00	0.00	0.00	0.00	0.00	0.00	0.00	0.00	0.00	0.00	0.00	0.00	0.00	0.00	0.00	0.00	0.00
26.04.2023 13:02:00	600.00	0.49	0.52	0.57	0.57	0.57	455.11	30.63	0.14	16.46	0.24	0.06	0.02	0.20	0.20	0.23	0.27	0.28	16456994.25	0.00	24.94	1002.59	18.73	7.39	0.02	1.34	25.00	->	0.73	2.85	3.31	2.85	2.34	2.27	1.32	0.41	0.11	0.05	0.04	0.03	0.04	0.02	0.03	0.02	0.00	0.00	0.00	0.01	0.00	0.01	0.00	0.00	0.00	0.00	0.00	0.00	0.00	0.00	0.00	0.00	0.00	0.00	0.00	0.00	0.00	0.00	0.00	0.00	0.00	0.00	0.00	0.00	0.00	0.00	0.00	0.00	0.00	0.00	0.00	0.00	0.00	0.00	0.00	0.00	0.00	0.00	0.00	0.00	0.00	0.00	0.00	0.00
26.04.2023 13:03:00	600.00	0.49	0.51	0.56	0.55	0.56	455.63	32.67	0.15	16.47	0.24	0.06	0.02	0.20	0.20	0.23	0.27	0.28	16472828.97	0.00	24.94	1002.59	18.72	7.49	0.02	1.33	25.00	->	0.74	2.87	3.27	2.88	2.37	2.24	1.34	0.39	0.11	0.04	0.03	0.03	0.03	0.02	0.03	0.02	0.01	0.01	0.00	0.01	0.00	0.01	0.01	0.00	0.00	0.00	0.00	0.00	0.00	0.00	0.00	0.00	0.00	0.00	0.00	0.00	0.00	0.00	0.00	0.00	0.00	0.00	0.00	0.00	0.00	0.00	0.00	0.00	0.00	0.00	0.00	0.00	0.00	0.00	0.00	0.00	0.00	0.00	0.00	0.00	0.00	0.00	0.00	0.00
26.04.2023 13:04:00	600.00	0.49	0.51	0.55	0.55	0.55	455.85	35.00	0.16	16.43	0.24	0.06	0.02	0.20	0.20	0.23	0.27	0.28	16425324.87	0.00	24.94	1002.60	18.70	7.69	0.02	1.34	25.00	->	0.76	2.85	3.29	2.84	2.40	2.25	1.31	0.37	0.11	0.04	0.03	0.04	0.03	0.03	0.03	0.02	0.01	0.01	0.00	0.01	0.00	0.01	0.01	0.00	0.00	0.00	0.00	0.00	0.00	0.00	0.00	0.00	0.00	0.00	0.00	0.00	0.00	0.00	0.00	0.00	0.00	0.00	0.00	0.00	0.00	0.00	0.00	0.00	0.00	0.00	0.00	0.00	0.00	0.00	0.00	0.00	0.00	0.00	0.00	0.00	0.00	0.00	0.00	0.00
26.04.2023 13:05:00	600.00	0.50	0.53	0.58	0.58	0.58	456.33	37.06	0.17	16.64	0.24	0.06	0.02	0.20	0.20	0.23	0.27	0.28	16638565.37	0.00	24.95	1002.60	18.69	7.89	0.02	1.34	25.00	->	0.74	2.93	3.29	2.84	2.46	2.25	1.37	0.37	0.12	0.04	0.02	0.04	0.03	0.03	0.03	0.02	0.01	0.01	0.00	0.01	0.00	0.01	0.01	0.00	0.00	0.01	0.00	0.00	0.00	0.00	0.00	0.00	0.00	0.00	0.00	0.00	0.00	0.00	0.00	0.00	0.00	0.00	0.00	0.00	0.00	0.00	0.00	0.00	0.00	0.00	0.00	0.00	0.00	0.00	0.00	0.00	0.00	0.00	0.00	0.00	0.00	0.00	0.00	0.00
26.04.2023 13:06:00	600.00	0.50	0.53	0.58	0.57	0.58	456.73	38.79	0.18	16.68	0.24	0.06	0.02	0.20	0.20	0.23	0.27	0.28	16683958.20	0.00	24.96	1002.60	18.67	8.09	0.02	1.34	25.00	->	0.74	3.04	3.27	2.84	2.42	2.25	1.33	0.39	0.13	0.05	0.02	0.03	0.02	0.03	0.03	0.02	0.01	0.01	0.00	0.01	0.01	0.00	0.01	0.00	0.00	0.00	0.00	0.00	0.00	0.00	0.00	0.00	0.00	0.00	0.00	0.00	0.00	0.00	0.00	0.00	0.00	0.00	0.00	0.00	0.00	0.00	0.00	0.00	0.00	0.00	0.00	0.00	0.00	0.00	0.00	0.00	0.00	0.00	0.00	0.00	0.00	0.00	0.00	0.00
26.04.2023 13:07:00	600.00	0.50	0.53	0.58	0.57	0.58	456.96	40.77	0.18	16.75	0.24	0.06	0.02	0.20	0.20	0.23	0.27	0.28	16748616.52	0.00	24.97	1002.60	18.66	8.29	0.02	1.34	25.00	->	0.73	3.06	3.31	2.88	2.41	2.19	1.39	0.39	0.13	0.05	0.02	0.03	0.02	0.02	0.03	0.01	0.01	0.01	0.00	0.01	0.01	0.00	0.01	0.00	0.00	0.00	0.00	0.00	0.00	0.00	0.00	0.00	0.00	0.00	0.00	0.00	0.00	0.00	0.00	0.00	0.00	0.00	0.00	0.00	0.00	0.00	0.00	0.00	0.00	0.00	0.00	0.00	0.00	0.00	0.00	0.00	0.00	0.00	0.00	0.00	0.00	0.00	0.00	0.00
26.04.2023 13:08:00	600.00	0.51	0.55	0.59	0.59	0.59	457.21	42.75	0.19	17.12	0.24	0.06	0.02	0.20	0.20	0.23	0.27	0.28	17122843.05	0.00	24.97	1002.60	18.64	8.58	0.03	1.35	25.00	->	0.78	3.10	3.39	2.91	2.50	2.24	1.42	0.40	0.11	0.04	0.02	0.03	0.02	0.02	0.03	0.01	0.01	0.00	0.00	0.01	0.01	0.00	0.01	0.00	0.00	0.00	0.00	0.00	0.00	0.00	0.00	0.00	0.00	0.00	0.00	0.00	0.00	0.00	0.00	0.00	0.00	0.00	0.00	0.00	0.00	0.00	0.00	0.00	0.00	0.00	0.00	0.00	0.00	0.00	0.00	0.00	0.00	0.00	0.00	0.00	0.00	0.00	0.00	0.00
26.04.2023 13:09:00	600.00	0.51	0.53	0.56	0.56	0.56	457.51	44.57	0.20	17.23	0.24	0.06	0.02	0.20	0.20	0.23	0.27	0.28	17229727.23	0.00	24.98	1002.60	18.63	8.80	0.03	1.35	25.00	->	0.81	3.11	3.39	2.92	2.53	2.20	1.50	0.41	0.10	0.05	0.04	0.02	0.01	0.03	0.03	0.01	0.01	0.00	0.00	0.01	0.01	0.00	0.01	0.00	0.00	0.00	0.00	0.00	0.00	0.00	0.00	0.00	0.00	0.00	0.00	0.00	0.00	0.00	0.00	0.00	0.00	0.00	0.00	0.00	0.00	0.00	0.00	0.00	0.00	0.00	0.00	0.00	0.00	0.00	0.00	0.00	0.00	0.00	0.00	0.00	0.00	0.00	0.00	0.00
26.04.2023 13:10:00	600.00	0.52	0.54	0.56	0.56	0.56	457.73	46.32	0.21	17.30	0.24	0.06	0.02	0.20	0.20	0.23	0.27	0.28	17303886.37	0.00	24.99	1002.59	18.61	9.00	0.03	1.35	25.00	->	0.80	3.07	3.48	2.87	2.55	2.21	1.57	0.40	0.10	0.05	0.04	0.02	0.02	0.03	0.03	0.01	0.01	0.00	0.00	0.01	0.01	0.00	0.01	0.00	0.00	0.00	0.00	0.00	0.00	0.00	0.00	0.00	0.00	0.00	0.00	0.00	0.00	0.00	0.00	0.00	0.00	0.00	0.00	0.00	0.00	0.00	0.00	0.00	0.00	0.00	0.00	0.00	0.00	0.00	0.00	0.00	0.00	0.00	0.00	0.00	0.00	0.00	0.00	0.00
26.04.2023 13:11:00	600.00	0.52	0.54	0.56	0.56	0.56	457.99	47.65	0.22	17.18	0.24	0.06	0.02	0.20	0.20	0.23	0.27	0.28	17184334.46	0.00	24.99	1002.58	18.59	9.20	0.03	1.35	25.00	->	0.84	3.01	3.40	2.91	2.48	2.20	1.58	0.42	0.11	0.04	0.03	0.02	0.01	0.03	0.02	0.01	0.01	0.00	0.00	0.01	0.02	0.00	0.01	0.00	0.00	0.00	0.00	0.00	0.00	0.00	0.00	0.00	0.00	0.00	0.00	0.00	0.00	0.00	0.00	0.00	0.00	0.00	0.00	0.00	0.00	0.00	0.00	0.00	0.00	0.00	0.00	0.00	0.00	0.00	0.00	0.00	0.00	0.00	0.00	0.00	0.00	0.00	0.00	0.00
26.04.2023 13:12:00	600.00	0.52	0.54	0.57	0.57	0.57	458.12	48.97	0.22	17.26	0.24	0.06	0.02	0.20	0.20	0.23	0.27	0.28	17256646.21	0.00	24.99	1002.57	18.57	9.48	0.03	1.36	25.00	->	0.82	3.01	3.46	2.92	2.50	2.20	1.58	0.42	0.12	0.03	0.03	0.02	0.02	0.02	0.03	0.01	0.01	0.01	0.01	0.01	0.02	0.00	0.01	0.00	0.00	0.00	0.00	0.00	0.00	0.00	0.00	0.00	0.00	0.00	0.00	0.00	0.00	0.00	0.00	0.00	0.00	0.00	0.00	0.00	0.00	0.00	0.00	0.00	0.00	0.00	0.00	0.00	0.00	0.00	0.00	0.00	0.00	0.00	0.00	0.00	0.00	0.00	0.00	0.00
26.04.2023 13:13:00	600.00	0.52	0.54	0.57	0.57	0.57	458.28	50.03	0.23	17.27	0.24	0.06	0.02	0.20	0.20	0.23	0.27	0.28	17267466.57	0.00	25.00	1002.56	18.56	9.78	0.03	1.36	25.00	->	0.80	2.98	3.46	2.96	2.51	2.21	1.53	0.43	0.13	0.05	0.03	0.02	0.02	0.01	0.02	0.01	0.02	0.01	0.01	0.01	0.02	0.00	0.01	0.00	0.00	0.00	0.00	0.00	0.00	0.00	0.00	0.00	0.00	0.00	0.00	0.00	0.00	0.00	0.00	0.00	0.00	0.00	0.00	0.00	0.00	0.00	0.00	0.00	0.00	0.00	0.00	0.00	0.00	0.00	0.00	0.00	0.00	0.00	0.00	0.00	0.00	0.00	0.00	0.00
26.04.2023 13:14:00	600.00	0.52	0.54	0.57	0.57	0.57	458.56	50.88	0.23	17.16	0.24	0.06	0.02	0.20	0.20	0.23	0.27	0.28	17156887.66	0.00	25.01	1002.55	18.54	9.98	0.03	1.36	25.00	->	0.77	3.00	3.46	2.89	2.50	2.19	1.52	0.43	0.14	0.05	0.03	0.01	0.02	0.00	0.02	0.01	0.02	0.01	0.01	0.01	0.02	0.00	0.01	0.00	0.00	0.00	0.00	0.00	0.00	0.00	0.00	0.00	0.00	0.00	0.00	0.00	0.00	0.00	0.00	0.00	0.00	0.00	0.00	0.00	0.00	0.00	0.00	0.00	0.00	0.00	0.00	0.00	0.00	0.00	0.00	0.00	0.00	0.00	0.00	0.00	0.00	0.00	0.00	0.00
26.04.2023 13:15:00	600.00	0.51	0.53	0.55	0.55	0.55	458.66	51.70	0.23	16.84	0.24	0.06	0.02	0.20	0.20	0.23	0.27	0.28	16835443.44	0.00	25.02	1002.54	18.53	10.18	0.03	1.36	25.00	->	0.75	2.88	3.42	2.80	2.46	2.18	1.52	0.42	0.14	0.06	0.04	0.01	0.03	0.01	0.02	0.02	0.02	0.01	0.01	0.01	0.02	0.00	0.01	0.00	0.00	0.00	0.00	0.00	0.00	0.00	0.00	0.00	0.00	0.00	0.00	0.00	0.00	0.00	0.00	0.00	0.00	0.00	0.00	0.00	0.00	0.00	0.00	0.00	0.00	0.00	0.00	0.00	0.00	0.00	0.00	0.00	0.00	0.00	0.00	0.00	0.00	0.00	0.00	0.00
26.04.2023 13:16:00	600.00	0.51	0.53	0.56	0.56	0.56	459.06	52.93	0.24	16.60	0.24	0.06	0.02	0.20	0.20	0.23	0.27	0.28	16595811.76	0.00	25.02	1002.53	18.52	10.43	0.03	1.36	25.00	->	0.70	2.74	3.39	2.87	2.41	2.13	1.51	0.42	0.14	0.05	0.04	0.01	0.04	0.01	0.03	0.02	0.02	0.01	0.01	0.01	0.01	0.00	0.00	0.00	0.00	0.00	0.00	0.00	0.01	0.00	0.00	0.00	0.00	0.00	0.00	0.00	0.00	0.00	0.00	0.00	0.00	0.00	0.00	0.00	0.00	0.00	0.00	0.00	0.00	0.00	0.00	0.00	0.00	0.00	0.00	0.00	0.00	0.00	0.00	0.00	0.00	0.00	0.00	0.00
26.04.2023 13:17:00	600.00	0.51	0.53	0.56	0.56	0.56	459.55	53.92	0.24	16.39	0.24	0.06	0.02	0.20	0.20	0.23	0.27	0.28	16391808.14	0.00	25.03	1002.52	18.51	10.73	0.03	1.36	25.00	->	0.70	2.66	3.36	2.79	2.39	2.13	1.48	0.43	0.15	0.05	0.04	0.01	0.04	0.03	0.03	0.03	0.02	0.01	0.01	0.01	0.01	0.00	0.00	0.00	0.00	0.00	0.00	0.00	0.01	0.00	0.00	0.00	0.00	0.00	0.00	0.00	0.00	0.00	0.00	0.00	0.00	0.00	0.00	0.00	0.00	0.00	0.00	0.00	0.00	0.00	0.00	0.00	0.00	0.00	0.00	0.00	0.00	0.00	0.00	0.00	0.00	0.00	0.00	0.00
26.04.2023 13:18:00	600.00	0.49	0.51	0.54	0.54	0.54	459.98	54.58	0.25	15.98	0.24	0.06	0.02	0.20	0.20	0.23	0.27	0.28	15979050.54	0.00	25.04	1002.51	18.51	10.94	0.03	1.36	25.00	->	0.63	2.60	3.32	2.75	2.30	2.12	1.42	0.40	0.15	0.05	0.04	0.01	0.04	0.03	0.03	0.03	0.02	0.01	0.00	0.01	0.01	0.00	0.00	0.00	0.00	0.00	0.00	0.00	0.01	0.00	0.00	0.00	0.00	0.00	0.00	0.00	0.00	0.00	0.00	0.00	0.00	0.00	0.00	0.00	0.00	0.00	0.00	0.00	0.00	0.00	0.00	0.00	0.00	0.00	0.00	0.00	0.00	0.00	0.00	0.00	0.00	0.00	0.00	0.00
26.04.2023 13:19:00	600.00	0.49	0.51	0.54	0.54	0.54	460.15	55.46	0.25	15.81	0.24	0.06	0.02	0.20	0.20	0.23	0.27	0.28	15806452.40	0.00	25.05	1002.50	18.50	11.14	0.03	1.35	25.00	->	0.60	2.59	3.21	2.76	2.25	2.14	1.43	0.38	0.16	0.04	0.03	0.03	0.04	0.03	0.03	0.03	0.02	0.02	0.00	0.01	0.01	0.00	0.00	0.00	0.00	0.00	0.00	0.00	0.01	0.00	0.00	0.00	0.00	0.00	0.00	0.00	0.00	0.00	0.00	0.00	0.00	0.00	0.00	0.00	0.00	0.00	0.00	0.00	0.00	0.00	0.00	0.00	0.00	0.00	0.00	0.00	0.00	0.00	0.00	0.00	0.00	0.00	0.00	0.00
26.04.2023 13:20:00	600.00	0.49	0.52	0.54	0.54	0.54	460.33	55.98	0.25	15.77	0.24	0.06	0.02	0.20	0.20	0.23	0.27	0.28	15770296.56	0.00	25.06	1002.50	18.50	11.39	0.03	1.35	25.00	->	0.61	2.60	3.12	2.79	2.23	2.11	1.47	0.35	0.16	0.05	0.04	0.03	0.03	0.03	0.03	0.03	0.03	0.02	0.00	0.00	0.01	0.00	0.00	0.00	0.00	0.00	0.00	0.00	0.01	0.00	0.00	0.00	0.00	0.00	0.00	0.00	0.00	0.00	0.00	0.00	0.00	0.00	0.00	0.00	0.00	0.00	0.00	0.00	0.00	0.00	0.00	0.00	0.00	0.00	0.00	0.00	0.00	0.00	0.00	0.00	0.00	0.00	0.00	0.00
26.04.2023 13:21:00	600.00	0.49	0.52	0.54	0.54	0.54	460.09	56.36	0.25	15.75	0.24	0.06	0.02	0.20	0.20	0.23	0.27	0.28	15752614.47	0.00	25.06	1002.50	18.51	11.69	0.03	1.35	25.00	->	0.57	2.61	3.18	2.75	2.28	2.08	1.46	0.34	0.16	0.05	0.04	0.03	0.04	0.03	0.03	0.03	0.03	0.02	0.00	0.01	0.00	0.00	0.00	0.00	0.00	0.00	0.00	0.00	0.01	0.00	0.00	0.00	0.00	0.00	0.00	0.00	0.00	0.00	0.00	0.00	0.00	0.00	0.00	0.00	0.00	0.00	0.00	0.00	0.00	0.00	0.00	0.00	0.00	0.00	0.00	0.00	0.00	0.00	0.00	0.00	0.00	0.00	0.00	0.00
26.04.2023 13:22:00	600.00	0.50	0.52	0.55	0.55	0.55	459.83	56.60	0.26	15.79	0.24	0.06	0.02	0.20	0.20	0.23	0.27	0.28	15793520.79	0.00	25.07	1002.50	18.51	11.91	0.03	1.35	25.00	->	0.56	2.68	3.17	2.74	2.27	2.05	1.50	0.34	0.16	0.06	0.05	0.03	0.03	0.03	0.02	0.03	0.02	0.01	0.00	0.01	0.01	0.00	0.00	0.00	0.00	0.00	0.00	0.00	0.01	0.00	0.00	0.00	0.00	0.00	0.00	0.00	0.00	0.00	0.00	0.00	0.00	0.00	0.00	0.00	0.00	0.00	0.00	0.00	0.00	0.00	0.00	0.00	0.00	0.00	0.00	0.00	0.00	0.00	0.00	0.00	0.00	0.00	0.00	0.00
26.04.2023 13:23:00	600.00	0.50	0.52	0.55	0.55	0.55	459.54	56.89	0.26	15.82	0.24	0.06	0.02	0.20	0.20	0.23	0.27	0.28	15817008.90	0.00	25.08	1002.50	18.51	12.11	0.03	1.35	25.00	->	0.58	2.69	3.25	2.66	2.25	2.06	1.50	0.35	0.15	0.06	0.05	0.03	0.03	0.04	0.02	0.03	0.02	0.01	0.00	0.00	0.01	0.00	0.00	0.00	0.00	0.00	0.00	0.00	0.01	0.00	0.00	0.00	0.00	0.00	0.00	0.00	0.00	0.00	0.00	0.00	0.00	0.00	0.00	0.00	0.00	0.00	0.00	0.00	0.00	0.00	0.00	0.00	0.00	0.00	0.00	0.00	0.00	0.00	0.00	0.00	0.00	0.00	0.00	0.00
26.04.2023 13:24:00	600.00	0.51	0.53	0.56	0.56	0.56	459.26	57.41	0.26	16.06	0.24	0.06	0.02	0.20	0.20	0.23	0.27	0.28	16063238.35	0.00	25.09	1002.50	18.52	12.31	0.03	1.35	25.00	->	0.61	2.68	3.32	2.68	2.34	2.09	1.51	0.36	0.14	0.06	0.05	0.03	0.03	0.04	0.02	0.03	0.02	0.01	0.00	0.00	0.01	0.00	0.00	0.00	0.00	0.00	0.00	0.00	0.01	0.00	0.00	0.00	0.00	0.00	0.00	0.00	0.00	0.00	0.00	0.00	0.00	0.00	0.00	0.00	0.00	0.00	0.00	0.00	0.00	0.00	0.00	0.00	0.00	0.00	0.00	0.00	0.00	0.00	0.00	0.00	0.00	0.00	0.00	0.00
26.04.2023 13:25:00	600.00	0.51	0.53	0.56	0.56	0.56	459.13	57.84	0.26	16.14	0.24	0.06	0.02	0.20	0.20	0.23	0.27	0.28	16144259.19	0.00	25.11	1002.50	18.51	12.57	0.03	1.35	25.00	->	0.62	2.76	3.33	2.76	2.32	2.05	1.49	0.36	0.13	0.06	0.04	0.04	0.03	0.03	0.03	0.02	0.02	0.01	0.00	0.00	0.01	0.00	0.00	0.00	0.00	0.00	0.00	0.00	0.01	0.00	0.00	0.00	0.00	0.00	0.00	0.00	0.00	0.00	0.00	0.00	0.00	0.00	0.00	0.00	0.00	0.00	0.00	0.00	0.00	0.00	0.00	0.00	0.00	0.00	0.00	0.00	0.00	0.00	0.00	0.00	0.00	0.00	0.00	0.00
26.04.2023 13:26:00	600.00	0.51	0.53	0.55	0.55	0.55	458.88	57.82	0.26	16.63	0.24	0.06	0.02	0.20	0.20	0.23	0.27	0.28	16626689.47	0.00	25.11	1002.50	18.51	12.82	0.03	1.35	25.00	->	0.65	2.89	3.43	2.71	2.45	2.10	1.57	0.38	0.14	0.06	0.05	0.04	0.02	0.03	0.02	0.02	0.02	0.02	0.01	0.00	0.01	0.00	0.00	0.00	0.00	0.00	0.00	0.00	0.00	0.00	0.00	0.00	0.00	0.00	0.00	0.00	0.00	0.00	0.00	0.00	0.00	0.00	0.00	0.00	0.00	0.00	0.00	0.00	0.00	0.00	0.00	0.00	0.00	0.00	0.00	0.00	0.00	0.00	0.00	0.00	0.00	0.00	0.00	0.00
26.04.2023 13:27:00	600.00	0.52	0.54	0.56	0.56	0.56	458.52	57.47	0.26	17.06	0.24	0.06	0.02	0.20	0.20	0.23	0.27	0.28	17063990.83	0.00	25.11	1002.50	18.51	13.02	0.03	1.35	25.00	->	0.67	3.01	3.49	2.82	2.50	2.13	1.61	0.39	0.13	0.06	0.04	0.04	0.02	0.02	0.01	0.01	0.01	0.02	0.01	0.00	0.01	0.00	0.00	0.00	0.00	0.00	0.00	0.00	0.00	0.00	0.00	0.00	0.00	0.00	0.00	0.00	0.00	0.00	0.00	0.00	0.00	0.00	0.00	0.00	0.00	0.00	0.00	0.00	0.00	0.00	0.00	0.00	0.00	0.00	0.00	0.00	0.00	0.00	0.00	0.00	0.00	0.00	0.00	0.00
26.04.2023 13:28:00	600.00	0.53	0.55	0.58	0.58	0.58	458.12	57.56	0.26	17.30	0.24	0.06	0.02	0.20	0.20	0.23	0.27	0.28	17302830.76	0.00	25.12	1002.50	18.51	13.22	0.03	1.35	25.00	->	0.67	3.09	3.50	2.83	2.54	2.13	1.62	0.43	0.16	0.07	0.04	0.05	0.03	0.03	0.02	0.01	0.01	0.02	0.01	0.00	0.01	0.00	0.00	0.00	0.00	0.00	0.00	0.00	0.00	0.00	0.00	0.00	0.00	0.00	0.00	0.00	0.00	0.00	0.00	0.00	0.00	0.00	0.00	0.00	0.00	0.00	0.00	0.00	0.00	0.00	0.00	0.00	0.00	0.00	0.00	0.00	0.00	0.00	0.00	0.00	0.00	0.00	0.00	0.00
26.04.2023 13:29:00	600.00	0.54	0.56	0.59	0.59	0.59	457.69	57.38	0.26	17.79	0.24	0.06	0.02	0.20	0.20	0.23	0.27	0.28	17789747.48	0.00	25.13	1002.50	18.50	13.42	0.03	1.35	25.00	->	0.70	3.24	3.59	2.85	2.64	2.19	1.67	0.45	0.16	0.07	0.04	0.04	0.03	0.03	0.01	0.01	0.01	0.01	0.01	0.00	0.01	0.00	0.00	0.00	0.00	0.00	0.00	0.00	0.00	0.00	0.00	0.00	0.00	0.00	0.00	0.00	0.00	0.00	0.00	0.00	0.00	0.00	0.00	0.00	0.00	0.00	0.00	0.00	0.00	0.00	0.00	0.00	0.00	0.00	0.00	0.00	0.00	0.00	0.00	0.00	0.00	0.00	0.00	0.00
26.04.2023 13:30:00	600.00	0.54	0.55	0.58	0.58	0.58	457.26	57.44	0.26	17.83	0.24	0.06	0.02	0.20	0.20	0.23	0.27	0.28	17830125.92	0.00	25.14	1002.51	18.49	13.56	0.03	1.35	25.00	->	0.71	3.27	3.57	2.83	2.68	2.25	1.62	0.48	0.15	0.06	0.04	0.04	0.03	0.02	0.01	0.01	0.01	0.01	0.01	0.00	0.01	0.00	0.00	0.00	0.00	0.00	0.00	0.00	0.00	0.00	0.00	0.00	0.00	0.00	0.00	0.00	0.00	0.00	0.00	0.00	0.00	0.00	0.00	0.00	0.00	0.00	0.00	0.00	0.00	0.00	0.00	0.00	0.00	0.00	0.00	0.00	0.00	0.00	0.00	0.00	0.00	0.00	0.00	0.00
26.04.2023 13:31:00	600.00	0.53	0.55	0.57	0.57	0.57	457.14	57.96	0.26	17.76	0.24	0.06	0.02	0.20	0.20	0.23	0.27	0.28	17757550.27	0.00	25.15	1002.50	18.48	13.75	0.03	1.36	25.00	->	0.70	3.25	3.51	2.87	2.65	2.25	1.64	0.46	0.14	0.06	0.04	0.04	0.03	0.02	0.01	0.01	0.01	0.01	0.01	0.00	0.01	0.00	0.00	0.00	0.00	0.00	0.00	0.00	0.00	0.00	0.00	0.00	0.00	0.00	0.00	0.00	0.00	0.00	0.00	0.00	0.00	0.00	0.00	0.00	0.00	0.00	0.00	0.00	0.00	0.00	0.00	0.00	0.00	0.00	0.00	0.00	0.00	0.00	0.00	0.00	0.00	0.00	0.00	0.00
26.04.2023 13:32:00	600.00	0.52	0.53	0.56	0.56	0.56	457.16	58.59	0.26	17.61	0.24	0.06	0.02	0.20	0.20	0.23	0.27	0.28	17612135.01	0.00	25.16	1002.50	18.47	13.95	0.03	1.36	25.00	->	0.75	3.18	3.51	2.82	2.71	2.26	1.55	0.45	0.14	0.06	0.03	0.04	0.03	0.03	0.02	0.01	0.00	0.01	0.01	0.00	0.00	0.00	0.00	0.00	0.00	0.00	0.00	0.00	0.00	0.00	0.00	0.00	0.00	0.00	0.00	0.00	0.00	0.00	0.00	0.00	0.00	0.00	0.00	0.00	0.00	0.00	0.00	0.00	0.00	0.00	0.00	0.00	0.00	0.00	0.00	0.00	0.00	0.00	0.00	0.00	0.00	0.00	0.00	0.00
